*---------------------------------------------------------*
*Country: Nig
*Weather station: BENIN
*WMO-station number: 1
*Station longitude: 5.6(dd)
*Station latitude: 6.317(dd)
*Propagated data for longitude: 6.12923(dd)
*Propagated data latitude: 6.80155(dd)
*Elevation: -99.99
*Angstrom values of -0.25 and -0.45 for the Ke,Tz,Ug region
*Source: Combination of NASA power weather and TRMM rainfall
*Comments: NASA power temp. data converted
*using GYGA factors derived GYGA online propagated data
*Comments: differences between the sets were corrected
*on annual basis
*NASA-Power vs GYGA min. temp.: R2=1
* intercept=14.47; slope=0.3469
*NASA-Power vs GYGA max. temp.: R2=1
* intercept=9.297; slope=0.7965
*Columns:
*  ========
*  station number
*  year
*  day
*  average insolation incident on a horizontal surface (kJ m-2 d-1)
*  Propagated minimum temperature (degrees Celsius)
*  Propagated maximum temperature (degrees Celsius)
*  vapour pressure (kPa)
*  mean wind speed (m s-1)
*  TRMM precipitation (mm d-1)
*---------------------------------------------------------*
   6.12923 6.80155 -99.99 -0.25 -0.45
1 2016 1 17933.3180855987 22.8 34.3 1.65473637962271 2.34108686527567 0
1 2016 2 19592.1532638632 20 35.3 1.65587014076554 3.04416087593353 0
1 2016 3 17280.484086995 20.4 34 1.53746889453637 2.89457066089994 0
1 2016 4 18532.5320041759 20.2 35 1.65510487460301 3.02920185443017 0
1 2016 5 14981.9917592204 20.6 34.2 1.78953011368976 2.09426301047024 0
1 2016 6 18160.8989445162 21.4 34.2 1.88830784456278 1.29395536004054 0
1 2016 7 19283.5556090566 21.3 36.5 1.86225775866321 2.78985751037643 0
1 2016 8 17792.1344979246 23.3 34.4 2.34572016994269 1.72776698363795 0
1 2016 9 16436.1318515306 24.4 34.5 2.69190374363233 1.79508258040307 0
1 2016 10 15906.423301965 24.8 34 2.73704128452017 1.71280796213459 0
1 2016 11 16482.6935169402 25.2 36 2.72216187776974 1.88483670942322 0
1 2016 12 19000.4316207832 24.8 36.4 2.2948891713542 2.22889420400047 0
1 2016 13 18197.4878720142 24.8 35.6 1.89018933190984 1.88483670942322 0
1 2016 14 17948.7367879578 25.3 36 2.23759359373701 1.80256209115475 0
1 2016 15 16865.4068318106 24.8 35.5 2.05340380490556 1.66793089762452 0
1 2016 16 16058.1781289775 25.3 34.4 2.37732124475991 1.71280796213459 0
1 2016 17 13434.7951751354 25.2 35.1 2.94657882383801 2.02694741370513 0
1 2016 18 13459.4779906047 25.4 33.7 2.76409285611813 1.45850459657749 6.5
1 2016 19 14044.9391150302 24.7 34.3 2.50753894247763 1.74272600514131 0
1 2016 20 18981.4905110607 23 35.6 1.93063502876898 1.81004160190642 0
1 2016 21 18034.1088266957 22.8 36 1.65157096530354 2.22889420400047 0
1 2016 22 9481.9683970366 24.6 32 1.98823588338764 2.19149665024208 0
1 2016 23 19374.7501102376 23.3 35.2 1.98969227666136 2.06434496746353 0
1 2016 24 19837.7340080093 23.2 35.2 1.43123991054437 2.63278778459116 0
1 2016 25 12799.8573029869 20.5 34.9 1.20383813576147 3.34334130600071 0
1 2016 26 14529.5831718137 21.4 33.5 1.26618608297811 2.82725506413483 0
1 2016 27 18113.9329456265 22.4 34.8 1.43213600238695 3.1638330479604 0
1 2016 28 16871.1906636506 23.9 35.3 1.49695207569334 3.32838228449735 0
1 2016 29 13768.9696594121 23 34.3 1.25219209402485 3.46301347802758 0
1 2016 30 16802.2974594858 22.8 35.3 1.3610498672846 3.02920185443017 0
1 2016 31 15263.8238765585 20.2 35 1.3024441973951 1.77264404814803 0
1 2016 32 10561.1113673295 20.2 33.4 1.40772597732757 1.43606606432245 0
1 2016 33 15333.2620535915 21.6 36 1.77826203193124 1.93719328468498 0
1 2016 34 13062.0963664081 24.1 35 2.61565466085315 2.1840171394904 0
1 2016 35 16992.7738380866 24 35.5 2.42883575547244 1.6380128546178 0
1 2016 36 17176.4971503194 25.2 36.5 2.09132632138232 2.03442692445681 0
1 2016 37 19246.6666336019 25.3 37.5 2.21477255489245 2.23637371475215 0
1 2016 38 17691.7189763232 25.2 36.5 1.86816242638497 2.12418105347696 0
1 2016 39 16712.8653955379 24.9 36 2.26659844128291 1.8175211126581 0
1 2016 40 13978.3559015885 25.5 35.6 2.10575054513588 1.82500062340978 0
1 2016 41 17375.4257307798 23.6 37.8 0.70398037522155 1.70532845138291 0
1 2016 42 18148.3136864222 23 37.2 1.30883093416265 2.04190643520849 0
1 2016 43 14958.720007502 23.8 34.4 2.05553683274682 1.64549236536948 0
1 2016 44 15582.2953154239 24.6 35.5 2.39570511772676 1.61557432236276 0
1 2016 45 15470.8596395163 25 34.3 2.55048438826554 1.86987768791986 0
1 2016 46 11664.3177118888 25.4 33.1 2.65861251509776 2.34856637602734 0
1 2016 47 16726.67891732 25.8 35.6 2.87332872908202 1.66045138687284 0
1 2016 48 16912.8421683876 26 35.6 3.04477924839246 2.66270582759788 0
1 2016 49 17248.078637619 26.2 35.5 2.87440441999576 2.9469272361617 0
1 2016 50 17435.305010179 25.8 35.8 2.87110912641997 2.3635253975307 0
1 2016 51 18816.8689375147 26.2 36.8 3.05703637246107 2.24385322550383 0
1 2016 52 19156.5395937528 26.7 38.4 2.79020602755754 2.48319756955757 0
1 2016 53 17848.9399816778 26.5 37.3 2.46327367269486 1.94467279543665 0
1 2016 54 15935.4793992996 27 37.5 2.49219605664037 1.86987768791986 0
1 2016 55 14315.1846339701 26.3 37.4 2.76229605578885 1.57069725785268 0
1 2016 56 14496.3587325963 26.9 36.7 3.19970542082579 2.20645567174544 0
1 2016 57 8942.63429777303 27 36 2.98909195958659 2.74498044586635 0
1 2016 58 13044.9699893925 25.9 35.7 2.90131262589345 2.9843247899201 0
1 2016 59 15949.5300931155 26.4 36.2 2.9905388875576 3.10399696194697 0
1 2016 60 16891.2678814186 26.9 36.5 3.20735295983943 2.87213212864491 2.4
1 2016 61 11301.5204112919 23.4 33.7 2.72211939808216 3.5303290747927 0
1 2016 62 18934.3427722602 24.9 36.6 2.91386831820062 3.50041103178598 0
1 2016 63 22932.2329044649 25.6 36.6 2.90567524576692 3.06659940818857 0
1 2016 64 23124.8225775734 25.8 36.9 3.2543100493542 2.41588197279246 31.9
1 2016 65 9097.38149148614 21.9 29.4 2.58824694159427 2.47571805880589 0
1 2016 66 12637.1687606523 23.9 32.9 2.86566735483286 2.66270582759788 0
1 2016 67 20939.9815684891 26.2 36.3 3.07775120048551 2.55799267707437 0
1 2016 68 13756.7315802392 26.4 34.5 3.50874314988455 2.49815659106093 4.3
1 2016 69 20390.9663408479 24.5 35 3.07713873824879 2.79733702112811 0
1 2016 70 19344.2349500563 26 36 3.542408990007 2.87961163939659 0
1 2016 71 16906.761430681 24.8 35.6 3.2589027241579 2.64774680609452 0
1 2016 72 14308.2836198315 26.2 36 3.57889187089407 2.47571805880589 0.2
1 2016 73 10312.6616787466 25.4 32.7 3.36526409039052 2.45327952655086 67.6
1 2016 74 17288.5208765349 21.1 32.6 2.50354571272131 1.72776698363795 0
1 2016 75 22110.8866807764 24.9 37 3.18739169683614 1.55573823634932 0
1 2016 76 18728.3133957962 26.3 35.5 3.65362363950535 2.31116882226895 0
1 2016 77 18595.789669356 25.5 35 3.59666378847353 2.46075903730254 65.9
1 2016 78 9301.83575898048 21.7 28.2 2.61069663510622 1.96711132769169 0.4
1 2016 79 20968.8372131278 23.5 34.5 3.14325521278742 2.06434496746353 0
1 2016 80 21456.9588993053 25.2 35 3.39092618286808 2.4009229512891 0
1 2016 81 18676.5584676962 23.5 34.3 3.01442022568902 1.41362753206741 0
1 2016 82 17137.101136072 25.6 34.5 3.43398584370425 2.31864833302063 0
1 2016 83 12166.3561981923 26.7 33.7 3.64518119798144 2.84969359638987 4
1 2016 84 15141.1245004225 25.5 32.9 3.60079214187351 3.14139451570537 5.6
1 2016 85 18586.5047920007 24.2 33.5 3.22849246345592 2.78237799962475 0
1 2016 86 15634.9242142832 26 33.5 3.56740633033049 2.20645567174544 2.6
1 2016 87 10493.645661858 25.8 31 3.226261031886 2.05686545671185 0
1 2016 88 20188.0443875618 26.4 34.5 3.53007686552474 2.21393518249711 0
1 2016 89 17855.8115792092 26.2 35.1 3.427072101252 2.22889420400047 2.1
1 2016 90 11457.0888541924 25 32.5 3.13997854368703 2.33360735452399 0
1 2016 91 17718.7812893324 26.3 33.7 3.10461816411007 2.63278778459116 0
1 2016 92 9438.96715038599 26.5 31.5 3.24099374622952 3.18627158021544 1.7
1 2016 93 16796.1036542627 25.6 33.5 3.49470648016611 2.12418105347696 0
1 2016 94 18992.4034442982 26.3 35 3.66355857238696 2.00450888145009 0
1 2016 95 19623.8567791608 25.6 34.8 3.45590474580791 2.6552263168462 0
1 2016 96 20723.6654423982 26.2 34.6 3.58598866670902 2.85717310714155 0
1 2016 97 9465.68572389793 26.2 31.5 3.38376190419531 2.71506240285964 0
1 2016 98 21043.2431337142 25.5 35.4 3.57579197046802 1.9297137739333 0
1 2016 99 23703.5776476309 26.2 36 3.38325240869269 1.96711132769169 0
1 2016 100 14479.4533102469 26.4 33 3.37693255012718 2.10174252122192 22.3
1 2016 101 22140.332715445 21.7 34 2.95154511732604 1.6380128546178 0
1 2016 102 23076.7709863622 24.5 34.3 2.69246274606153 2.33360735452399 0
1 2016 103 9482.98611488514 26.7 31.2 3.21965841095266 2.4009229512891 22.2
1 2016 104 20259.9392175516 25.2 35 3.56845264801698 2.28873029001391 0
1 2016 105 20412.8154779755 26 34.2 3.35593298541085 2.67766484910124 34.2
1 2016 106 12762.8027587898 22 32.2 2.8726347636472 2.70758289210796 0
1 2016 107 23367.1544346771 25 34 3.23151763090097 2.79733702112811 0
1 2016 108 23359.9811443341 22.5 34.4 2.93336120191097 2.25881224700719 0
1 2016 109 25844.7963811461 25.8 34.6 3.3919541984749 2.25881224700719 0
1 2016 110 19450.2680189877 26 34.5 3.4412789598906 1.40614802131573 0
1 2016 111 23333.4414112753 26.4 35.5 3.32626610667721 1.91475475242994 0
1 2016 112 19590.5582817256 26.3 35.2 3.42099390329558 1.78760306965139 0
1 2016 113 24244.3350375238 26.5 35.8 3.43321452170777 2.02694741370513 0
1 2016 114 24697.7216301378 26 36 2.83463642027223 2.29620980076559 0
1 2016 115 21425.0866349193 26.2 35.8 3.66999860993877 2.53555414481933 9.2
1 2016 116 18776.9827742778 26.1 34.9 3.54454555238309 2.44580001579918 0
1 2016 117 16442.3237083119 26.3 33.7 3.56290172983994 2.43084099429582 0
1 2016 118 20923.488686661 25.8 34.9 3.67964372181723 2.41588197279246 0
1 2016 119 9462.3743083935 26.4 27.2 3.01101839205608 2.08678349971856 14.5
1 2016 120 22133.5037142452 23 35.2 3.34075096376649 2.01198839220177 0
1 2016 121 21964.034783296 25.3 35.2 3.67715399053726 2.08678349971856 0
1 2016 122 17936.8347937765 26 35 3.74015486594156 2.44580001579918 0
1 2016 123 24707.9439097107 26 35 3.75980312288381 2.34856637602734 16.7
1 2016 124 19760.5766806949 24.5 34 3.45107573803273 2.19149665024208 0
1 2016 125 12975.4143054926 26.5 33.1 3.2982396219643 2.07930398896688 0
1 2016 126 19116.5247008387 23.5 34.7 3.34760006728603 2.04190643520849 0
1 2016 127 17566.2705462104 25.9 33.9 3.3442335619296 2.51311561256429 35.3
1 2016 128 22770.2500285701 23.7 34.4 3.40061603499531 2.81977555338315 16.5
1 2016 129 20452.5282187308 24.8 33.6 2.87439618895356 2.43084099429582 0
1 2016 130 24877.546719144 25.4 35.2 3.54049613903047 1.8549186664165 36.1
1 2016 131 17053.9958406014 22 32.1 2.96363297040749 2.06434496746353 1.1
1 2016 132 24377.5332599364 24.6 34.4 3.36633598574973 2.21393518249711 40.5
1 2016 133 11988.5360840339 21.7 30.1 2.85002434054947 2.28125077926223 0
1 2016 134 22811.2044357054 24.4 34.4 3.5240892501153 2.29620980076559 1.8
1 2016 135 20506.2526830241 24.8 33.4 3.54058363116014 2.84221408563819 0
1 2016 136 12267.8976119014 25.2 28.5 3.24110922238384 2.46823854805422 0
1 2016 137 21081.372753966 23 33.7 3.24852570983058 1.87735719867154 0
1 2016 138 15289.7455324355 25.6 31.9 3.39029243739979 2.32612784377231 0
1 2016 139 21502.7008193919 24.4 34.2 3.46226400029396 1.66045138687284 0
1 2016 140 19968.685264007 24.2 33.6 3.38400431466239 2.06434496746353 0
1 2016 141 21922.9312229916 24.6 33.9 3.56730367739653 2.23637371475215 0
1 2016 142 11913.6060971923 26.3 32.3 3.77405116453467 1.96711132769169 10.4
1 2016 143 9787.9518201717 22.8 29.3 3.09999126254762 2.50563610181261 4.1
1 2016 144 12804.383077337 24 29.5 3.17996098115018 1.70532845138291 19.5
1 2016 145 22761.3373941365 23.8 32.5 3.1370123288891 1.73524649438963 0
1 2016 146 14296.0238359647 25.3 31.4 3.16172862103924 1.24159878477879 23.8
1 2016 147 15793.9216817242 22 32.6 3.02514201540508 0.830225693436418 0
1 2016 148 22259.98668926 25.3 33.5 3.5966452344436 2.70758289210796 17.4
1 2016 149 17127.7053046359 23 30.7 3.25029784301213 2.01198839220177 0
1 2016 150 13056.3720302247 25 32.3 3.38955446141209 2.53555414481933 0
1 2016 151 10193.5650339016 23.5 30 2.90416058669621 1.50338166108757 7.8
1 2016 152 16645.3855340552 22.8 33.5 2.98830261596012 1.08452905899352 1.9
1 2016 153 19787.1502807042 24.5 34.7 3.44547778308475 1.12192661275192 1
1 2016 154 12127.7055163048 23 31.1 2.98544542349567 1.44354557507413 0
1 2016 155 23661.7622604861 23.5 33.1 3.3252658564299 1.26403731703383 0
1 2016 156 24547.8585529935 24.1 33.3 3.13011271019533 1.78760306965139 0
1 2016 157 14056.7218164131 25.3 31.4 3.39665940803447 2.21393518249711 0
1 2016 158 13900.9661170242 25 33.2 3.18886031832824 1.81004160190642 8.3
1 2016 159 9259.53052014538 21.6 25.1 2.56070995552666 1.39866851056406 3.7
1 2016 160 23157.0631870309 22.8 33 3.29123635370346 1.78012355889971 0
1 2016 161 12988.5745126181 25.4 30 3.45922386866602 2.19897616099376 0
1 2016 162 17166.0280959262 24.6 31.5 3.23595389127496 2.31864833302063 0
1 2016 163 19847.8881618139 24 34.2 3.49828034471592 2.78985751037643 21
1 2016 164 10141.524036075 21.8 29.9 2.99557521890471 3.23114864472552 0.4
1 2016 165 9244.09644597786 24 29 3.08333054874534 2.62530827383948 6.8
1 2016 166 9242.35747333824 23.5 31.6 3.25526716758812 2.38596392978574 0.6
1 2016 167 9240.86633375332 23.5 26.5 2.93843061075935 3.83698901561155 72.6
1 2016 168 11177.9088369662 22.8 28.8 2.7817611772389 2.34856637602734 4.5
1 2016 169 18481.4267498083 23 32.8 2.97406308554569 1.44354557507413 28.1
1 2016 170 22951.5582381396 21.9 32.7 3.06759632940321 1.73524649438963 0
1 2016 171 16689.9942901631 24.5 31 3.35869023622021 3.21618962322216 56.8
1 2016 172 9684.34415738014 22.4 26.7 2.81401602561258 2.91700919315498 8.6
1 2016 173 23247.7828787015 23 30.7 3.0470879637328 1.15184465575863 0
1 2016 174 17137.4649608832 23.5 30.4 2.91572495389463 1.51834068259093 5.7
1 2016 175 15051.7328634645 23.7 31 3.25490691087945 1.83995964491314 7
1 2016 176 9984.30747020427 23.7 26.2 2.7831428440063 2.58043120932941 20.2
1 2016 177 11774.8096635288 23.3 30.3 3.03659304274848 2.44580001579918 16.3
1 2016 178 17593.0950008875 23 30.5 3.02291285844837 2.49067708030925 1.2
1 2016 179 9242.78321433572 24.2 27.5 3.06787416479531 2.4009229512891 47.6
1 2016 180 15660.8895995952 23.2 29 2.97864162005523 2.16157860723536 2.3
1 2016 181 21784.6898492817 24 31 3.22557800588369 2.22889420400047 0
1 2016 182 20596.7885804461 24 30.6 3.16447925109125 1.96711132769169 0
1 2016 183 21350.4828631212 23 32 3.26632910520683 1.83248013416146 0
1 2016 184 19415.6209652517 24 33 3.25008018444589 1.49590215033589 9.6
1 2016 185 9257.10175367462 23 27 2.83104294613587 2.06434496746353 31
1 2016 186 14196.1946209167 23 30 3.01270406862587 2.95440674691338 0
1 2016 187 18093.0453795349 23 32 3.31992965026249 2.58043120932941 13
1 2016 188 10914.3200258463 22 30 2.88814910073532 2.46823854805422 43.9
1 2016 189 9271.05324909854 21 29 2.73442572575191 2.29620980076559 15.3
1 2016 190 22467.1710058685 21 31 2.90899002767266 2.72254191361132 0
1 2016 191 12279.3262389634 24 30 3.31006181922279 2.47571805880589 0
1 2016 192 13936.8356833113 23 31 3.13607321864322 2.88709115014826 1.5
1 2016 193 14996.0427009081 23 31 3.19026638931554 2.50563610181261 8.9
1 2016 194 16207.3624263412 22 31 2.95004037793163 2.31116882226895 0
1 2016 195 21783.2559748693 23 33 3.37661179415697 2.22889420400047 1.1
1 2016 196 12765.0186814374 23 31 3.10113288492027 1.93719328468498 13.5
1 2016 197 9307.52757522249 23 26 2.50189564368327 2.76741897812139 32.5
1 2016 198 12931.6241166132 22 30 3.00647178270213 2.70758289210796 0.3
1 2016 199 12034.4544661989 23 30 3.07606017579187 2.52059512331597 0.6
1 2016 200 10984.868906165 23 30 2.9967784897754 1.3463119353023 27.7
1 2016 201 14922.2789924917 22 30 3.03256411480444 1.94467279543665 0
1 2016 202 12057.9570447497 24 30 2.97185988232827 2.01198839220177 18.5
1 2016 203 10097.2707724484 23 30 3.05736493105436 2.05686545671185 60.2
1 2016 204 10709.9467234774 22 29 2.8994923562698 1.95963181694001 3.4
1 2016 205 16482.2708198745 22 31 3.1200286217486 2.38596392978574 0
1 2016 206 17102.0993797262 23 31 3.31861863564474 2.56547218782605 0.5
1 2016 207 9362.89913998313 23 28 2.84564697205095 2.34108686527567 0.8
1 2016 208 9672.93898588888 23 28 2.84303628675549 2.28125077926223 0.4
1 2016 209 15313.839175498 22 31 3.05009455810088 1.59313579010772 4.1
1 2016 210 14563.0362544075 23 32 3.27440589966727 2.04190643520849 0.7
1 2016 211 15336.6155955747 23 31 3.16673514415519 2.16157860723536 31.5
1 2016 212 11529.620778323 23 30 3.05874976399788 2.80481653187979 7.6
1 2016 213 9396.90234720557 23 27 2.74646328107844 2.59539023083277 1.2
1 2016 214 11085.6674536589 23 29 2.92646951478139 2.70010338135628 1.6
1 2016 215 15534.6735726253 3 31 1.69198976008763 3.32838228449735 0
1 2016 216 12326.0764171856 24 30 2.97454193264385 2.83473457488651 87.7
1 2016 217 11106.27126599 21 29 2.79651416901504 2.06434496746353 38.6
1 2016 218 15413.8621229706 22 31 3.13456936765555 2.96188625766506 0.5
1 2016 219 12349.299566373 22 29 2.97813925079553 2.87961163939659 42.3
1 2016 220 9432.78381719272 22 26 2.6115245760153 2.87961163939659 12.7
1 2016 221 13596.0831103471 22 30 2.84276966304919 2.35604588677902 6.8
1 2016 222 11754.1492287207 23 29 2.86629974184941 2.03442692445681 60
1 2016 223 9445.83728161036 21 26 2.57470596327067 2.07930398896688 10.6
1 2016 224 13001.6749586764 22 28 2.88046027852898 1.68288991912787 15.5
1 2016 225 18263.3541538718 22 31 3.1234907041074 2.16905811798704 0
1 2016 226 13324.0905147146 24 31 3.18454878047996 2.45327952655086 7.9
1 2016 227 10853.4683158654 23 28 2.94256866364489 2.57295169857773 1.6
1 2016 228 20617.8134935471 23 32 3.25494816755802 2.44580001579918 0
1 2016 229 10551.1460383495 21 26 2.48233853161488 2.55051316632269 15.5
1 2016 230 10864.6283223111 21 29 2.92861049983508 2.27377126851055 4.4
1 2016 231 13662.3444725828 23 31 3.11283973627847 1.49590215033589 4
1 2016 232 13666.9009976393 23 31 3.18491837905183 1.86239817716818 14.2
1 2016 233 16313.8077907305 24 31 3.27550728073006 1.92223426318162 9.2
1 2016 234 13363.5525239611 23 30 3.1165665393898 1.90727524167826 0.7
1 2016 235 13989.1005710704 23 30 3.04109314396801 2.16905811798704 16.9
1 2016 236 16794.9365260865 21 31 2.97151280848467 2.80481653187979 2.9
1 2016 237 15396.4458942211 23 32 3.34599566874846 2.15409909648368 7.5
1 2016 238 11657.9607346487 21 30 2.98629764234384 2.31116882226895 12.7
1 2016 239 14465.0662067725 23 31 3.23554620954834 2.16905811798704 12.2
1 2016 240 12593.945129955 23 30 3.22977663252249 2.37848441903406 0
1 2016 241 13841.9512512653 24 31 3.3981277057204 2.00450888145009 0
1 2016 242 16182.8705494326 23 32 3.20501889271166 1.75768502664467 0.2
1 2016 243 15557.7796879825 23 31 3.25800785265595 1.8549186664165 0
1 2016 244 14150.8386651146 24 31 3.20098049548143 1.83995964491314 35.2
1 2016 245 9462.47688629366 24.2 28.6 3.12785915969939 1.54077921484596 13.5
1 2016 246 15864.0043366508 23.6 31.6 3.15437435048169 2.02694741370513 0
1 2016 247 16954.1994237404 23.6 32 3.23698731267204 2.10174252122192 1
1 2016 248 13200.2195447213 24.2 30.2 3.17341948973169 2.19897616099376 0
1 2016 249 15382.6806818937 24.4 30.5 3.29230344906191 2.37100490828238 42.1
1 2016 250 9440.0808664666 23 29 2.99100915949056 1.8549186664165 2.2
1 2016 251 16776.5723313197 23.3 31.4 3.18867334001853 1.51834068259093 0
1 2016 252 17862.5910821459 23.8 31 3.23232279968112 2.25881224700719 6.6
1 2016 253 10670.50902112 24.2 28.6 3.13680770042917 2.29620980076559 4.1
1 2016 254 9413.93789016183 24.2 27 2.90755042507143 1.8175211126581 5.7
1 2016 255 16430.0218602197 24.3 30.6 3.38125494318266 2.20645567174544 0
1 2016 256 9710.12695002088 24 29 3.0840229652171 2.91700919315498 21.8
1 2016 257 9389.42409606373 23 26 2.71952708550477 2.78237799962475 49.5
1 2016 258 12186.5452744902 23 28.6 3.03057167661219 1.57069725785268 22.7
1 2016 259 9838.21156123133 23.5 28.9 3.02281227989486 1.83995964491314 3.7
1 2016 260 15901.8233322399 23.8 32 3.33933846072265 1.8923162201749 36.2
1 2016 261 20089.9853450472 21.3 30.5 2.99242090266496 1.57817676860436 2.8
1 2016 262 13694.5954702297 23.6 29.9 3.07245152802545 1.71280796213459 0.1
1 2016 263 14612.8070080484 23.3 31 3.31088752641732 1.95963181694001 18.2
1 2016 264 12733.075874949 22 29.4 3.03876387772839 1.71280796213459 8.1
1 2016 265 9769.14906145635 24.4 29.7 3.1624481165883 1.90727524167826 23.5
1 2016 266 15493.7004123407 22 30.8 2.86034474183363 1.8549186664165 0
1 2016 267 12376.2304043377 24 30.9 3.27619700568202 1.90727524167826 10.1
1 2016 268 9883.00617141434 22.6 28 2.96877628000865 2.05686545671185 36.2
1 2016 269 14352.7797499478 23.1 29.6 3.12757624382636 2.23637371475215 2.4
1 2016 270 9235.22457401642 24 27.2 2.97386240270092 2.27377126851055 18.9
1 2016 271 19559.0299328446 21.2 30.9 2.63472375311614 1.18924220951703 2.1
1 2016 272 19531.9840221259 24.2 32.6 3.32528836435648 1.51086117183925 0
1 2016 273 18272.4426714399 24.4 32.2 3.30487961115624 1.31639389229558 17.1
1 2016 274 14862.3600100893 24.1 29.8 3.2587723302063 2.04938594596017 13.6
1 2016 275 18370.7158612681 23.1 30.2 3.28356485384338 2.06434496746353 0
1 2016 276 12820.4853041992 24.9 30.2 3.30607893878223 2.27377126851055 2.2
1 2016 277 14789.3070615996 24.5 31.6 3.29054355392065 1.68288991912787 0
1 2016 278 13387.2693612932 24.6 30.8 3.2382168675003 1.81004160190642 2.8
1 2016 279 21457.5007419623 22.4 32.4 3.24874720415104 1.79508258040307 0
1 2016 280 20810.8834514174 24.2 32.8 3.43180760855224 1.8549186664165 0
1 2016 281 9963.65173192551 24.9 30.7 3.45816650116487 1.6380128546178 2.2
1 2016 282 19216.9277168125 24 29.8 3.21342254975547 1.07704954824184 11.7
1 2016 283 14931.5434768523 22.3 30.7 2.94484725439343 1.32387340304726 0
1 2016 284 9447.20452479578 24.2 28.5 3.06134602492594 1.52582019334261 0
1 2016 285 14116.4156873479 23.1 32 3.32412079956855 1.65297187612116 0
1 2016 286 8952.97270505552 25.2 28.4 3.03885577683928 1.57817676860436 17.1
1 2016 287 14510.8391618864 22.5 31.6 3.34588727124794 1.86987768791986 10.6
1 2016 288 10266.8284437885 23 29.6 3.14266122242777 1.49590215033589 0.7
1 2016 289 12947.7319462629 24.7 32.3 3.37888484692812 1.50338166108757 37.6
1 2016 290 13219.4077918769 21.8 29.8 3.00864711992509 1.82500062340978 0
1 2016 291 18428.6150217484 24.5 32.8 3.45236033446663 1.49590215033589 0
1 2016 292 9874.68822167429 24.4 30.6 3.21933684652789 1.78012355889971 0
1 2016 293 20139.08588327 23 32.6 3.23213033724906 1.75020551589299 26.8
1 2016 294 16524.4275758513 22 31.6 3.07162636905241 1.3837094890607 0
1 2016 295 9656.06940833041 25 30.5 3.20297456200325 1.0546110159868 11.8
1 2016 296 13041.9001947662 23.7 31.8 3.27189178623803 1.31639389229558 0.3
1 2016 297 17005.7720612265 24.2 32.4 3.45104514330701 1.03217248373176 0
1 2016 298 17557.9836390506 24.3 33.2 3.13682000875059 1.0172134622284 0
1 2016 299 15897.7042777272 25.4 33 3.53312026614845 1.32387340304726 35.5
1 2016 300 18360.8304620803 24.6 33.4 3.37278053927235 1.6006153008594 2.4
1 2016 301 19493.0973896089 22.7 33.5 3.0423565385729 1.23411927402711 0
1 2016 302 16374.0516873739 25.8 33.4 3.34139607366674 1.24159878477879 2.8
1 2016 303 16774.758067329 23.3 32.6 3.1775931643098 1.07704954824184 11.6
1 2016 304 15423.7914430857 22.8 32 3.20056895103927 1.3463119353023 0
1 2016 305 19899.2838476735 23.2 32.4 3.10360729528701 0.852664225691456 8.1
1 2016 306 11867.089664168 21.9 31.7 3.22032733586899 1.25655780628215 0
1 2016 307 19084.8861274703 25 33.2 3.66346460606955 1.68288991912787 1.2
1 2016 308 13690.772333465 25.4 32.8 3.35525494769022 1.44354557507413 0
1 2016 309 19720.512314002 22.9 33.5 2.94231795069079 1.03965199448344 0
1 2016 310 17804.0821050326 24.3 33.8 2.7188859214233 0.643237924644432 0
1 2016 311 16183.1054540203 24.6 33 2.91585874040116 1.22663976327543 0.2
1 2016 312 14712.3423041024 26.3 33.6 3.4536931279973 1.09948808049688 0
1 2016 313 17542.1715837543 25.3 34 3.27117400914671 1.06957003749016 0
1 2016 314 18646.5131667879 25.4 34.6 2.98499626883697 1.41362753206741 0
1 2016 315 17180.3718373134 25.8 34 2.97551145607285 1.36875046755734 1.2
1 2016 316 15293.4727511438 25.5 33.5 3.26491300320296 1.22663976327543 0
1 2016 317 13840.3449828916 23.8 32.6 3.04557059517825 1.24159878477879 0
1 2016 318 19055.0471829831 24.3 34 3.02070144982799 1.23411927402711 0
1 2016 319 17035.167527613 25.3 34.6 3.06571853552229 0.949897865463289 0
1 2016 320 19965.5857975522 24.6 33.7 2.8368572604658 0.897541290201533 0
1 2016 321 17388.8188566421 25.5 34.4 2.85586532083569 0.987295419221686 0
1 2016 322 12008.2860542031 26.2 32.3 3.25151345418473 1.78760306965139 24.3
1 2016 323 13809.8187220641 24.3 33.1 3.29939311082216 1.36127095680566 0
1 2016 324 12240.9161432368 24.9 32.1 3.47266709362969 1.39866851056406 0
1 2016 325 14176.6634077956 25 32.6 3.21282968761747 1.21916025252375 0
1 2016 326 16385.8406442503 25.5 33.5 3.56505906537391 1.77264404814803 1.3
1 2016 327 13566.9017930226 23.8 32.4 3.15565599477069 1.15184465575863 0
1 2016 328 15074.8200478511 25 33.2 3.55710205729551 1.3837094890607 0
1 2016 329 18942.4645611441 23.8 33.9 3.2165792071332 1.33135291379894 0
1 2016 330 17245.7048667128 26 34.4 3.43830761533372 1.45102508582581 0
1 2016 331 16802.5266091199 26.7 34.1 3.51739469463395 1.20420123102039 0
1 2016 332 18438.0365558933 26.1 34.5 3.62855529684104 1.08452905899352 26.6
1 2016 333 16199.0118711492 25.1 33.1 3.33833363311254 1.69036942987955 3.3
1 2016 334 12033.9194777485 23.2 31.6 3.06844374174787 1.8175211126581 0
1 2016 335 17119.0720664267 25 34.4 3.42531147760832 1.24907829553047 0
1 2016 336 16408.1500147092 25.3 35.5 3.42969860375317 1.24907829553047 0
1 2016 337 15149.5984019164 25.5 33.7 3.16267409454657 1.14436514500695 0
1 2016 338 14719.3036630235 25.7 34.2 3.04456397759017 1.15184465575863 0
1 2016 339 15663.6098475387 25.9 34.3 2.88821902915318 1.46598410732917 0
1 2016 340 14961.3083284995 25.6 34 3.15771942949857 0.875102757946495 0
1 2016 341 14672.3605436198 25.8 33.9 3.15039420435564 1.12192661275192 0
1 2016 342 17122.9049928674 25.3 34 3.33022647663956 1.47346361808085 0
1 2016 343 15193.2234682463 25.5 34 3.61083848406984 1.67541040837619 0
1 2016 344 17778.3673933045 23 33.5 3.29260728336813 1.57817676860436 0
1 2016 345 15580.0685605071 25.4 33.4 3.654444069417 1.57069725785268 0
1 2016 346 15023.8790958506 25.3 34.3 3.29698123218103 1.21916025252375 0
1 2016 347 15560.9715473445 24.5 34.3 3.39004514347488 1.32387340304726 0
1 2016 348 17189.7212484414 25.1 34 3.3619804058484 1.09948808049688 0
1 2016 349 16364.358269466 25.8 35.4 3.68341568490605 0.882582268698174 0
1 2016 350 13769.0816237693 26.2 34.2 3.77823267229844 1.39118899981238 4.2
1 2016 351 13765.1010990581 24.7 34 3.1121569550289 1.06957003749016 0
1 2016 352 7904.5787037553 24.6 34.1 2.92372717353845 1.1294061235036 0
1 2016 353 13624.020557749 25 34.6 3.00125963311135 1.03217248373176 0
1 2016 354 17709.0590124708 25.2 34.6 3.15438808408574 1.44354557507413 0
1 2016 355 17573.0441203068 25 35.4 2.95503032475005 1.27899633853718 0
1 2016 356 17846.940291839 25.1 35.5 2.53126912451533 1.46598410732917 0
1 2016 357 16351.2253768782 25.5 34.4 2.55039350429593 1.18924220951703 0
1 2016 358 17445.0946061429 24 36 2.38205672398731 1.26403731703383 0
1 2016 359 10771.8182452549 25.2 34.5 2.58375233050505 1.30143487079222 0
1 2016 360 18547.7549156451 25 36 2.51846991206525 2.04938594596017 0
1 2016 361 7916.64754745455 24 32.2 2.43517790921762 2.40840246204078 0
1 2016 362 7921.1200099562 22.6 32.9 2.24148615254403 2.6552263168462 0
1 2016 363 7926.2090473048 21.2 34.5 2.31717087794138 2.35604588677902 0
1 2016 364 8341.79713723831 21.6 33.8 2.25427141189027 2.33360735452399 0
1 2016 365 9989.05338862675 21 35.2 2.12265390588009 2.11670154272528 0
1 2016 366 10134.3225404549 21.6 35.4 1.5890444317135 1.8923162201749 0
