*---------------------------------------------------------*
*Country: Nig
*Weather station: BENIN
*WMO-station number: 1
*Station longitude: 5.6(dd)
*Station latitude: 6.317(dd)
*Propagated data for longitude: 6.12923(dd)
*Propagated data latitude: 6.80155(dd)
*Elevation: -99.99
*Angstrom values of -0.25 and -0.45 for the Ke,Tz,Ug region
*Source: Measured
*Comments: Measured
*using GYGA factors derived GYGA online propagated data
*Comments: differences between the sets were corrected
*on annual basis
*NASA-Power vs GYGA min. temp.: R2=1
* intercept=14.47; slope=0.3469
*NASA-Power vs GYGA max. temp.: R2=1
* intercept=9.297; slope=0.7965
*Columns:
*  ========
*  station number
*  year
*  day
*  average insolation incident on a horizontal surface (kJ m-2 d-1)
*  Propagated minimum temperature (degrees Celsius)
*  Propagated maximum temperature (degrees Celsius)
*  vapour pressure (kPa)
*  mean wind speed (m s-1)
*  TRMM precipitation (mm d-1)
*---------------------------------------------------------*
   6.12923 6.80155 -99.99 -0.25 -0.45
1 2017 1 10691.3480695223 21.8 34.8 2.14363292283214 2.00450888145009 0
1 2017 2 17143.4289840922 20.4 35.5 2.10532978482203 2.05686545671185 0
1 2017 3 17709.4322878962 20.7 36 2.12324967425573 2.15409909648368 0
1 2017 4 11686.3143153152 21 35.9 2.12474681768049 1.61557432236276 0
1 2017 5 11837.5182936961 21.6 35.9 2.16872905073216 1.42110704281909 0
1 2017 6 13090.7519350627 24 35 2.32984257874731 1.55573823634932 0
1 2017 7 8009.82994993451 24.2 33.8 2.45347753005263 1.25655780628215 0
1 2017 8 11194.112467556 25.2 34.5 2.8643389154036 1.39118899981238 0
1 2017 9 16873.2949681739 22.8 35 1.9669998011201 1.89979573092658 0
1 2017 10 13716.5193926442 23.6 33.5 2.46181063270284 1.563217747101 0
1 2017 11 16922.9278409548 25.2 34.6 3.41004666091548 2.23637371475215 0
1 2017 12 17781.3909318149 25 35.4 3.45204196106967 1.89979573092658 0
1 2017 13 9197.74052604239 25.2 33.8 3.53496200144742 1.62305383311444 0
1 2017 14 18256.5790810096 24.9 35.9 2.69426702973319 1.6380128546178 0
1 2017 15 14525.4783227545 24.2 36.2 2.82584163517129 1.35379144605398 0
1 2017 16 13713.9188920403 23.4 34.2 2.6141362580294 1.06209052673848 0
1 2017 17 14298.2392826514 25.3 34.6 3.16599114012052 1.57817676860436 0
1 2017 18 12224.5335510649 25.5 34.5 3.4368826975948 2.05686545671185 0
1 2017 19 16035.7243530413 25.2 35.3 3.49766514422402 1.33883242455062 0
1 2017 20 13256.3110775869 25.5 35.3 3.39106022707798 1.54077921484596 0
1 2017 21 14831.5177328904 25.3 36 3.42663171676199 2.01198839220177 0
1 2017 22 11194.6162486047 25.5 34.2 3.40994731212536 2.27377126851055 0
1 2017 23 12913.997386961 26.1 34.3 3.69239301144876 2.56547218782605 0.6
1 2017 24 16622.2266164788 23.8 34.5 3.20090916071928 2.41588197279246 0
1 2017 25 20203.2629964331 23.7 35.2 3.38913476825059 1.93719328468498 0
1 2017 26 14560.9635905662 25.5 34.1 3.33766916850692 2.01198839220177 0
1 2017 27 17013.5899709796 24.7 35.5 3.24711267624506 1.75020551589299 0
1 2017 28 13768.9696594121 26.2 35.2 3.43068207308779 1.83248013416146 0
1 2017 29 15229.6211783157 25.6 35.6 3.43355117313786 1.49590215033589 0
1 2017 30 13831.2162690256 26.3 34.8 3.33268192951324 1.67541040837619 0
1 2017 31 12140.2012308282 25.4 34.5 3.43550020817568 1.49590215033589 0
1 2017 32 12312.4354945408 26 34.5 3.16269548451458 1.63053334386612 0
1 2017 33 10035.0248795697 25.2 33.9 3.49511995703314 1.83995964491314 0
1 2017 34 15259.4281280133 24.8 34 3.1354843171027 1.37622997830902 0
1 2017 35 8491.72242965503 25.2 36.2 3.20765240690481 1.16680367726199 0
1 2017 36 11994.2523062539 26.2 35.5 2.98843627053333 1.57817676860436 0
1 2017 37 14348.6387228383 26 36.1 3.42229915578381 1.6006153008594 0
1 2017 38 10595.353412634 26.2 34.5 3.34631129054673 1.53329970409429 0
1 2017 39 9891.4983779589 26.5 33.5 3.44282298867706 1.18924220951703 0
1 2017 40 12987.5213050472 25.6 34.6 3.19675661161148 1.24159878477879 0
1 2017 41 14777.2585712187 26.8 35.5 3.40648103130514 1.67541040837619 17.2
1 2017 42 15986.8191935894 24.8 35.2 3.3172282629378 1.54077921484596 0
1 2017 43 13521.8551967167 26.2 35.7 3.29042754929887 1.42858655357077 0
1 2017 44 17093.0987011933 26.5 35.9 2.60234856327182 1.96711132769169 0
1 2017 45 16097.6272731576 26.1 36.4 2.32038926752623 1.73524649438963 0
1 2017 46 17911.2880213428 25.3 36 2.48553006161222 1.6380128546178 0
1 2017 47 16764.4687071361 25.5 35.6 2.42540076305004 1.42110704281909 0
1 2017 48 16653.403906318 24.2 36.8 2.02813674437293 2.55799267707437 0
1 2017 49 8795.53607225711 23.5 35.9 2.00730843074745 2.47571805880589 0
1 2017 50 8817.00188851914 22.4 36.9 1.89508517158423 2.11670154272528 0
1 2017 51 8838.34437200964 23.3 36.8 2.14507095887399 2.19897616099376 0
1 2017 52 10507.6023250594 25.3 36.7 2.46418684973854 1.65297187612116 0
1 2017 53 15335.0635527785 25.9 37.5 2.95444843407451 1.75768502664467 0
1 2017 54 17322.8055117996 26.2 37.6 3.45000153352292 1.66793089762452 0
1 2017 55 20221.2190677965 26.3 37.5 3.3587516642657 1.87735719867154 0
1 2017 56 18148.9524373946 26.8 37.6 3.65611343080943 1.54825872559764 0
1 2017 57 14708.0368455012 27 35.7 3.68143537902581 2.05686545671185 0
1 2017 58 16706.7697634683 25.6 35.6 3.43706420669524 1.98207034919505 13.2
1 2017 59 19318.5181148111 25.8 36.5 3.67200349530418 2.1092220319736 20.7
1 2017 60 18899.185210776 23.1 35.5 3.25440589080015 2.03442692445681 0
1 2017 61 21217.3156700199 26 36.5 3.67425346898351 1.91475475242994 22.3
1 2017 62 19121.2922094147 26.2 35.7 3.8221821444 2.07182447821521 24.3
1 2017 63 20071.3945086582 23.5 34.6 3.36446063710405 1.71280796213459 0
1 2017 64 9097.38149148614 26 35.7 3.89178233651061 2.11670154272528 0
1 2017 65 16924.5631577627 26.2 35.7 3.85622877390942 2.53555414481933 44.7
1 2017 66 19559.9492707687 22.8 35 3.31590207412958 2.42336148354414 0
1 2017 67 19898.5813867449 25.3 35.4 3.63289060158708 1.88483670942322 0
1 2017 68 13318.5105082756 26.2 33.5 3.74311758984597 1.77264404814803 17
1 2017 69 12416.7029290351 22.7 33 3.05945993182266 1.6006153008594 0
1 2017 70 13669.9379354538 25.1 32.3 3.20058059789813 1.40614802131573 10
1 2017 71 17085.9859342753 24.3 33.3 3.11661110071938 1.82500062340978 0
1 2017 72 19427.6932805573 24.2 33.8 3.37037713271229 1.62305383311444 0
1 2017 73 10638.1351071118 22.5 31.2 2.99725736724865 1.94467279543665 0
1 2017 74 17775.9012500747 24.9 34.9 3.51340697663047 1.6006153008594 0
1 2017 75 20742.9791135811 26.3 35.8 3.59981177655511 1.78760306965139 0
1 2017 76 17665.068593173 26 35.3 3.46934901229288 2.40840246204078 0
1 2017 77 20790.9654734475 25.5 34.5 3.28752680752648 2.01198839220177 0
1 2017 78 14287.1012894794 25.8 34 3.3855776882156 2.4383205050475 1.6
1 2017 79 16636.0802928585 24.6 34.2 3.37159870678124 1.83995964491314 0.2
1 2017 80 12918.3418536005 24.9 33.2 3.37731588968761 2.44580001579918 0
1 2017 81 9350.35335765948 26.9 29.2 3.23481660663651 2.78985751037643 10.6
1 2017 82 18243.9063951888 23.6 32.7 3.1370123288891 2.45327952655086 0
1 2017 83 16856.315439952 25 33.1 3.11659529822725 1.92223426318162 0
1 2017 84 18274.4839332121 25 34.4 3.38318844592216 1.9297137739333 0
1 2017 85 20317.5209858349 25.3 34 3.29321471884474 2.17653762873872 0
1 2017 86 12523.6586489472 26.2 33.8 3.42372919591265 1.73524649438963 0
1 2017 87 16126.4464735174 26 34.6 3.59618060646951 1.91475475242994 0
1 2017 88 18012.0795420761 26.4 35.5 3.78634358702166 1.70532845138291 0
1 2017 89 11144.4631418939 27 33.8 3.54040406501356 2.13166056422864 0
1 2017 90 13340.9804741922 23.7 33.9 3.2742036833755 2.20645567174544 0
1 2017 91 20698.2937334184 25.8 34.9 3.53332377146732 1.89979573092658 23.2
1 2017 92 19454.9281291295 25.2 34.8 3.33080607112583 1.75768502664467 0
1 2017 93 11484.4444268846 26 34.7 3.74544440954855 1.70532845138291 0
1 2017 94 18841.7430964137 25.4 34.2 3.62542096561585 2.52059512331597 8.1
1 2017 95 15561.7295194416 26.5 33.4 3.71981746678332 2.04938594596017 0
1 2017 96 18381.3181431463 26.3 33.5 3.75809670362923 2.37848441903406 0
1 2017 97 20574.0438747379 23.3 33.8 3.02574791302237 1.43606606432245 0
1 2017 98 18543.1081555931 26.7 35 3.75369689250028 2.13914007498032 22.6
1 2017 99 9476.28344125085 22 26.1 2.63822747596165 2.28873029001391 3.6
1 2017 100 21046.138430555 22.2 33.5 3.27603896924991 1.89979573092658 1.8
1 2017 101 13544.2256561794 24.4 32.9 3.42606037512504 2.15409909648368 0
1 2017 102 19012.5587227927 25.3 34.4 3.79864596946607 2.44580001579918 9.8
1 2017 103 10265.22411512 23.7 31 3.38810189403932 2.48319756955757 18.1
1 2017 104 17290.6922635423 22.4 33.7 3.30949829789485 1.69784894063123 0
1 2017 105 16507.7359019958 25.8 33.7 3.64178972324755 1.77264404814803 21.3
1 2017 106 16972.5583484831 22.5 32.6 2.86166004145401 1.90727524167826 0
1 2017 107 17903.9371004889 25.3 33.7 3.41952120830475 1.563217747101 0
1 2017 108 15873.4228976255 26.5 33.6 3.74206586239593 1.61557432236276 0
1 2017 109 17425.9968843662 26.3 34.2 3.56136861965414 1.03217248373176 56.5
1 2017 110 10261.484831529 23.6 28.6 2.92183474161621 2.19897616099376 19.7
1 2017 111 20523.672358824 22.5 32.6 3.23612070308019 2.4009229512891 4.2
1 2017 112 14608.6163125392 24.8 32.4 3.47720586094717 2.05686545671185 0
1 2017 113 20504.4553447638 26 33.2 3.46869920032543 2.16157860723536 0
1 2017 114 20649.1203800054 25.1 33.2 3.47445315236368 2.15409909648368 4.2
1 2017 115 15055.1512059424 25.2 32.6 3.5214035718777 2.07930398896688 0
1 2017 116 22950.4578962494 26 33 3.32345797686817 2.10174252122192 0
1 2017 117 25103.9327098623 25.1 34.3 3.55960470734044 1.95963181694001 0
1 2017 118 15341.1110523325 26 32 3.42605605135349 2.09426301047024 3.8
1 2017 119 24452.0960802804 24.4 33.8 3.34316829442045 2.04190643520849 0
1 2017 120 18720.8121405308 25.7 33.5 3.5955876588191 2.10174252122192 9.9
1 2017 121 9450.17619899563 24.6 30.2 3.20531377899724 2.11670154272528 0.1
1 2017 122 18387.2119451617 23.1 32.4 3.28642028215779 1.86987768791986 0
1 2017 123 19760.5766806949 24.5 33.5 3.47492531807454 2.19149665024208 0
1 2017 124 23900.9357112253 25.6 33.5 3.3917507402748 1.74272600514131 6.1
1 2017 125 18040.3716735866 22.9 33.1 3.2711517370015 2.13914007498032 0
1 2017 126 20484.4858862328 26.1 34.1 3.60942029382057 2.17653762873872 0
1 2017 127 16479.0776018063 25.2 33.1 3.51000983074582 1.66045138687284 0
1 2017 128 18919.5758479859 26 33.2 3.57112223708339 1.99702937069841 8.8
1 2017 129 19057.9779781755 23 32 3.18225701741405 1.86239817716818 0
1 2017 130 21337.9230045203 24.1 33.5 3.30152501051941 1.66045138687284 0
1 2017 131 15206.6510223484 25.1 33.1 3.48176191858056 1.23411927402711 8.2
1 2017 132 21761.2529957479 24 33.9 3.45611018855891 1.54077921484596 0
1 2017 133 18997.4636704829 25.8 33.8 3.71476664022839 1.93719328468498 0
1 2017 134 24316.2791950595 25.6 33.6 3.63124912101013 2.42336148354414 0
1 2017 135 16226.4814807791 25.8 32.6 3.27187297880286 2.28125077926223 43.7
1 2017 136 9369.18317393959 24.9 26.3 2.98075622215745 1.93719328468498 16.5
1 2017 137 21824.0550683403 22.4 31.7 2.89426221796311 1.51086117183925 0
1 2017 138 25905.3775147126 24.9 34 3.36035754435715 1.61557432236276 0
1 2017 139 16783.5347619218 26 33.2 3.68059463264656 1.71280796213459 2.3
1 2017 140 9345.68451820178 26.2 28.9 3.31933418344157 0.852664225691456 40
1 2017 141 25539.1048896366 22.4 33 3.30173316531431 1.75768502664467 0
1 2017 142 19468.4675930536 24.7 32.7 3.55961251736714 1.88483670942322 0
1 2017 143 20662.8406000794 25.5 33.6 3.77752465721694 1.99702937069841 0
1 2017 144 17476.5822032947 26 32 3.47732872463459 2.58043120932941 20.7
1 2017 145 9317.4879790802 23.1 27 2.88714386883575 1.96711132769169 0.2
1 2017 146 23180.1585287876 23.9 32.5 3.17979903301194 1.91475475242994 26.6
1 2017 147 15180.9592212063 23 31.9 3.05473340920854 1.45102508582581 0
1 2017 148 20288.1872155673 25.2 33.1 2.82754635735596 1.63053334386612 0
1 2017 149 22680.9673276616 26.1 32.6 3.56463367544091 2.52059512331597 0
1 2017 150 22365.6993990604 26.6 33.6 2.80683067765797 2.16157860723536 31.3
1 2017 151 19648.7093051045 21.6 32.4 3.20488428403637 1.86987768791986 57.5
1 2017 152 21888.0355392401 23.4 32.4 3.16722310904462 1.43606606432245 0
1 2017 153 14227.2091706491 25.7 31.7 3.51355250138263 2.05686545671185 32.9
1 2017 154 21113.9675989135 24.5 32 3.33249443042349 2.20645567174544 0
1 2017 155 13164.5365985506 25.5 32.2 3.11156758873766 1.83248013416146 3.9
1 2017 156 20343.9332399948 22.7 29.4 2.94895308031583 1.59313579010772 0
1 2017 157 13900.9661170242 25.2 31.9 3.46675076891238 2.21393518249711 28.9
1 2017 158 21073.1866194967 23.6 31.4 3.11654128066773 1.22663976327543 0
1 2017 159 20616.0790232742 25 32 3.4792824388327 1.45102508582581 0
1 2017 160 20608.203497779 26 33 3.55269040896576 1.26403731703383 0
1 2017 161 12237.6581693791 25.6 34 3.82172977180678 1.98954985994673 5.3
1 2017 162 19698.5982599099 24.5 30.9 3.30321892666669 2.49067708030925 7.7
1 2017 163 16409.6310571187 24.5 32 3.54765490636636 2.44580001579918 2.3
1 2017 164 10586.8679800632 23 30.9 3.20651537236401 2.07182447821521 12.9
1 2017 165 16252.8090764567 23.3 30 2.94336783569175 1.75768502664467 0.5
1 2017 166 15205.8991239371 24.9 31.4 3.34329939220854 1.79508258040307 0
1 2017 167 15501.7713562814 24.9 31.5 3.49949981372126 2.47571805880589 69
1 2017 168 9238.63753217626 21.5 31 3.08291625235645 1.69036942987955 0.9
1 2017 169 14305.9934135221 23.1 26.5 2.58390949457981 1.2715168277855 0
1 2017 170 18478.6108451187 23.8 30 2.82781385848119 2.28873029001391 12.5
1 2017 171 11025.7672414466 23 31.3 3.20010497800488 2.10174252122192 3
1 2017 172 24440.1697280024 22.5 28.4 2.56357993595967 1.26403731703383 16.8
1 2017 173 13262.0241402839 23.2 32 3.16692980914668 1.40614802131573 18.1
1 2017 174 11325.0284318228 25.5 30.6 3.46985543191656 2.35604588677902 5.2
1 2017 175 22209.410234393 23.4 30 3.01053705586664 1.66045138687284 3.5
1 2017 176 17590.1274720906 24.2 31 3.39255878692054 1.37622997830902 64.5
1 2017 177 16698.2524664155 23 31 2.81569830485376 1.14436514500695 0
1 2017 178 11927.9458557961 24.2 30.3 3.33431891198949 2.05686545671185 36.1
1 2017 179 11035.1781078087 24 30.5 3.01092361559457 1.9297137739333 1.1
1 2017 180 17008.2817310371 23.8 29.9 3.06617202196077 1.93719328468498 4.1
1 2017 181 12235.1824489119 24 29.5 3.13323301622995 2.25133273625551 2.3
1 2017 182 9251.40372372106 24 27.7 3.13684136202735 2.59539023083277 67.4
1 2017 183 12840.5458386521 23.5 28.9 3.0973026466437 2.39344344053742 15.8
1 2017 184 10004.6059408497 23.5 27.2 2.92876955100784 2.37100490828238 8.6
1 2017 185 9260.27958531116 23.2 26.1 2.74959823068877 2.39344344053742 22.2
1 2017 186 9263.66856418772 23.4 27.3 2.84283194320017 2.26629175775887 23.3
1 2017 187 9566.72718958401 23.5 27.8 2.900 1.99702937069841 3.2
1 2017 188 12866.7166739017 23.2 29.2 3.01464895203197 1.8175211126581 17.1
1 2017 189 13922.2644535446 23.6 28.5 2.94827880271658 2.16157860723536 1.1
1 2017 190 10779.2622704075 23.6 28.4 3.0101693665136 2.23637371475215 39.1
1 2017 191 10784.6005883079 23.4 29.2 2.93908109969021 2.55051316632269 0
1 2017 192 16498.1487038978 23.8 30.6 3.05509715340886 1.94467279543665 10.2
1 2017 193 10495.2502193794 24 28.6 2.86346562553054 1.42110704281909 0
1 2017 194 14412.1518427109 24.1 30.2 3.1062275587333 2.12418105347696 0
1 2017 195 9302.45390697424 24.4 27.8 3.01921796179738 2.1840171394904 10.3
1 2017 196 10362.1851067079 23.9 28.4 2.97100441098862 2.20645567174544 18.2
1 2017 197 9614.29432966174 24 28.1 3.02784355942797 2.71506240285964 38.8
1 2017 198 9921.66999411175 22.5 28.7 2.93611053424849 2.49067708030925 0.2
1 2017 199 18083.8216381674 23.5 29.7 3.17048884038154 1.58565627935604 0
1 2017 200 21573.8748936848 22.9 30.9 3.12445618531816 1.48094312883253 0
1 2017 201 14176.2443403386 23.3 29.3 2.94387122022521 1.77264404814803 0
1 2017 202 11763.1343745615 23.2 28.1 3.09364816985368 2.76741897812139 0
1 2017 203 9345.7253303237 23.4 25.9 2.8547673382374 2.67018533834956 12
1 2017 204 14206.4700901451 23.2 29.7 3.17609443105384 1.72776698363795 0
1 2017 205 18468.853861973 22.5 29.8 3.05765137606081 2.78985751037643 44.3
1 2017 206 9362.89913998313 21.5 25.9 2.67007637907696 2.70758289210796 5.2
1 2017 207 12563.7669450081 22.5 29.1 3.01994158852147 2.04190643520849 11.2
1 2017 208 9983.54717517521 23.4 28.1 2.84507823989801 1.35379144605398 48.4
1 2017 209 16697.1967483862 23 30.2 3.20461756471781 2.4383205050475 0
1 2017 210 12590.0578585621 23 29.2 3.01549846380435 2.53555414481933 0
1 2017 211 11682.3541168298 23.5 28 3.00438937300521 2.71506240285964 36.8
1 2017 212 21168.6770087943 23.5 29.5 3.08644642286826 2.45327952655086 0
1 2017 213 10167.5063088906 23.6 28.4 3.06193553987408 2.09426301047024 2.7
1 2017 214 12164.865391727 23.6 29 3.0913385024099 2.4383205050475 15.4
1 2017 215 11099.5270262927 21.3 28.6 2.86399674414992 2.4383205050475 0
1 2017 216 10185.4912297899 23.2 28.5 3.06754098992945 2.45327952655086 1.2
1 2017 217 16335.5032406552 23.5 29.2 3.1368416112373 2.25133273625551 0
1 2017 218 13886.78928438 23.5 28.8 3.07833868018012 2.4009229512891 27.4
1 2017 219 10663.8994438605 23.4 26 2.86952666003141 2.55799267707437 25.5
1 2017 220 9437.32561243885 23.2 28 2.9682816917123 2.25133273625551 0.8
1 2017 221 14837.439968894 22.4 30.8 3.14367294474088 2.42336148354414 0
1 2017 222 16852.1728588155 24.1 29.8 3.10057949864289 2.07182447821521 37.8
1 2017 223 9913.07136992969 21.8 27.5 2.78093179960444 1.95963181694001 0.4
1 2017 224 9762.61658164708 23.7 29 3.1526270520115 2.34108686527567 1
1 2017 225 12086.6146770296 23.5 28.8 3.07460818271598 2.38596392978574 0
1 2017 226 18593.8078890487 22.4 30.9 3.20777147300262 2.73750093511468 0
1 2017 227 17674.2276503587 23.3 29.9 3.13183283628638 2.46823854805422 0.5
1 2017 228 9465.8619017501 24 27.1 2.96276607849703 2.97684527916842 2.1
1 2017 229 15208.8739375718 23.4 30.6 3.19240559342103 2.66270582759788 0
1 2017 230 14283.3783357669 23.2 30.8 3.15247378345195 2.47571805880589 0
1 2017 231 13666.9009976393 24.5 29.9 3.075298527903 1.71280796213459 0
1 2017 232 13981.9276328516 23.8 30 3.16521766703247 2.4009229512891 0
1 2017 233 9785.8649381698 24.2 27.7 3.00865703836207 2.93196821465834 1.7
1 2017 234 10253.7512571568 23.8 29 3.06969364495586 2.45327952655086 5.1
1 2017 235 12123.2692546863 23.6 30.4 3.10790703125431 1.91475475242994 20.9
1 2017 236 12436.255281209 23.2 30.8 3.03446102363261 1.3089143815439 0
1 2017 237 14307.7704554601 23.8 31.4 3.3781569372754 2.13914007498032 49.1
1 2017 238 9475.08139841758 22.1 28.4 2.93553012619324 2.07930398896688 0.2
1 2017 239 17429.849910895 23.3 31.5 3.18523950686734 1.52582019334261 27.1
1 2017 240 12749.5963313228 22 29 2.51211209987322 1.69784894063123 0.4
1 2017 241 14153.5940971319 24 30.1 2.95195336205988 2.70010338135628 19.1
1 2017 242 14777.0835236848 21.7 30.1 3.07362227389305 3.08903794044361 0
1 2017 243 15712.5755631835 24 32.2 3.43890463526516 2.71506240285964 18
1 2017 244 12742.7067318977 21.7 29.2 2.92148549879196 1.64549236536948 4.1
1 2017 245 18676.0056735066 23.2 32.5 3.34011339035728 2.19149665024208 23.1
1 2017 246 14454.4203376527 22.1 29.7 3.03719861354794 2.72254191361132 0
1 2017 247 11169.0606007102 25 29 3.16709167817277 2.28873029001391 0
1 2017 248 21944.8698178176 23.5 32.5 3.23788834979834 1.59313579010772 45.6
1 2017 249 11158.6648014082 22.5 28 2.70882330677209 1.84743915566482 6.9
1 2017 250 15370.5939484314 23.3 30.5 3.35272048291827 2.72254191361132 4.8
1 2017 251 18643.5774278849 23.6 32 3.28368899943151 1.3089143815439 0
1 2017 252 12388.3479764165 25 30.6 3.13723250975383 1.0920085697452 9
1 2017 253 16908.1530847469 22.5 31.1 3.12553927882241 1.54825872559764 0
1 2017 254 11279.2455133121 25 29 3.33929760866444 1.98954985994673 22.4
1 2017 255 17043.587646255 22.3 31.9 3.21512742273372 2.07930398896688 0
1 2017 256 17499.8791055014 24.5 32.1 3.53835981646023 2.46075903730254 0
1 2017 257 9380.31403089026 24.8 32.8 3.50980063483377 1.78012355889971 1
1 2017 258 15915.4022954869 24.4 30.7 3.33700784298735 2.07182447821521 0
1 2017 259 18549.4251712266 24.8 32.5 3.55434565826806 2.6926238706046 27.6
1 2017 260 11996.2174899569 21.8 30.5 3.01254627035804 1.61557432236276 1.8
1 2017 261 20072.1334570415 23.6 31 3.14851352616888 1.27899633853718 26.3
1 2017 262 20053.2868678444 23.2 32.8 3.348262316427 1.82500062340978 0
1 2017 263 14286.3472457956 25 31.3 3.44358312169654 1.74272600514131 0
1 2017 264 15046.0957300268 25.7 32.5 3.70979677693703 2.15409909648368 47.8
1 2017 265 19990.842409457 23.5 31.6 3.36204552734387 2.10174252122192 1.5
1 2017 266 18418.7282147256 24.7 33.5 3.5228565396978 1.98207034919505 0
1 2017 267 19944.3770241412 24.5 33 3.6733761310781 2.02694741370513 0
1 2017 268 11878.5816868755 26.1 31.3 3.57181645322629 0.994774929973366 0
1 2017 269 12479.2437448465 26 30.7 3.54054969300856 1.70532845138291 5.2
1 2017 270 13540.955884872 25.2 31.2 3.38133289836339 1.39118899981238 0
1 2017 271 18298.9044405931 24.6 31.4 3.54217274409996 2.1092220319736 0
1 2017 272 20889.6485748273 25.6 33 3.66849185010546 1.81004160190642 0
1 2017 273 16400.0073795125 26.2 32.9 3.54634268641774 1.15184465575863 0
1 2017 274 11306.5222815414 26 30.7 3.35576833509277 1.27899633853718 1.4
1 2017 275 13433.9552862671 25.2 32.5 3.53148628259698 1.47346361808085 0
1 2017 276 17699.3298837229 25 33.2 3.63083064224115 1.78760306965139 0
1 2017 277 16140.2682795437 25 32.4 3.46788616074841 1.78012355889971 0
1 2017 278 16570.3478965298 24 32.3 3.43138129909724 2.17653762873872 14.3
1 2017 279 16998.4660638062 23.5 31.8 3.39951510223371 1.80256209115475 0
1 2017 280 16815.5349990342 24.7 32.3 3.57228640962803 1.73524649438963 1.8
1 2017 281 18152.7467940073 25.1 33.5 3.80380340373673 1.78760306965139 0
1 2017 282 17511.8410743821 25.2 32.5 3.5473706243606 2.04190643520849 0
1 2017 283 20812.2073974182 25.2 34.2 3.7789781198842 2.01198839220177 0
1 2017 284 18654.8017487965 25.9 33.6 3.75597470021397 2.16905811798704 0
1 2017 285 16504.0186315389 24.5 33.1 3.51257236367446 1.42110704281909 0
1 2017 286 19184.3291930934 24.5 33.6 3.51792021482031 1.37622997830902 0
1 2017 287 13276.633171988 26.6 32 3.51565500488942 0.979815908470007 8.3
1 2017 288 17904.9468148049 25 32.6 3.33438979534468 1.15184465575863 0
1 2017 289 17867.646051876 25 32.6 3.50742486725604 1.52582019334261 0
1 2017 290 15734.6613617719 25.5 32.5 3.56985987719657 1.91475475242994 10.5
1 2017 291 17493.1523071162 25.1 33.2 3.6538527569281 1.82500062340978 26.5
1 2017 292 9105.97504191649 22.9 28.4 2.84736796220675 1.3089143815439 1
1 2017 293 17268.4659799281 23 31.6 2.99647628202173 1.16680367726199 0
1 2017 294 19755.2033206332 24.6 33 3.6479911156051 2.02694741370513 0
1 2017 295 15413.4736427924 25.7 33.2 3.61195270182554 2.04938594596017 3.2
1 2017 296 17745.4117863434 24 33.2 3.37896422755031 1.84743915566482 0
1 2017 297 18443.7681988775 25 33 3.33632887311156 1.24159878477879 56
1 2017 298 18107.685166242 23.2 33 3.25754946544521 1.30143487079222 0
1 2017 299 20566.312247833 24.5 33.6 3.54443417327391 1.25655780628215 0
1 2017 300 19933.291042667 23.3 33.5 3.54039718699548 1.58565627935604 0
1 2017 301 20620.5111058679 23.5 32.9 3.45169766349559 1.59313579010772 0
1 2017 302 19258.928163641 24.5 33.6 3.35200711116372 1.32387340304726 0
1 2017 303 18340.3025019027 24.4 33.6 3.28986301295057 1.22663976327543 0
1 2017 304 19171.6657528341 24.8 33.9 3.524577019072 1.33135291379894 0
1 2017 305 15788.0872940169 24.5 33 3.49176037223288 1.20420123102039 0
1 2017 306 19229.8075105766 24.3 34 3.55122325341602 1.3837094890607 0
1 2017 307 18752.5300318941 25 34.5 3.63509756342534 1.27899633853718 0
1 2017 308 19864.8355277483 25.2 34.6 3.77708125141362 1.79508258040307 0
1 2017 309 19676.4247979281 25.3 34.2 3.47532224767014 1.18176269876535 0
1 2017 310 16758.0309394625 25.6 33.6 3.69344934576193 1.33135291379894 7.4
1 2017 311 17581.1127944052 24.7 34 3.35944549689816 0.94241835471161 0
1 2017 312 8380.69328727233 26 29 2.9098487678846 1.59313579010772 0
1 2017 313 8360.56660922834 24.5 32.5 3.19949225054048 1.24159878477879 0
1 2017 314 8340.68404856454 24.9 32.4 3.32439336811801 1.48094312883253 0
1 2017 315 10313.1795573976 26 34.4 3.53058525074712 1.21916025252375 0
1 2017 316 14976.4736401464 25.5 35.1 3.62121703369016 1.24907829553047 0
1 2017 317 15936.7265474061 25 33.3 3.3948546791673 0.927459333208251 0
1 2017 318 17459.5824697779 24.9 33 3.31152312184698 1.26403731703383 0
1 2017 319 18977.1456121658 25 34.3 3.60885431621855 1.70532845138291 1.5
1 2017 320 14710.8756198898 26 33.9 3.79935860460808 2.12418105347696 0
1 2017 321 17495.1109225159 26 33.2 2.8023802532831 2.04190643520849 0
1 2017 322 18725.0890273163 25.5 33.8 3.57309014576513 1.99702937069841 12
1 2017 323 14764.3370959304 25.5 33.4 3.69335113512413 1.83995964491314 0
1 2017 324 15716.1060131748 25.6 32.1 3.3674804538876 1.61557432236276 0
1 2017 325 15966.697597675 26 32 3.38159302999253 1.42858655357077 0
1 2017 326 18030.4326947334 23.7 32.4 3.24770583253897 1.67541040837619 0
1 2017 327 18834.9081419339 23.8 32.8 3.45412231240492 1.78760306965139 0
1 2017 328 17273.9112925106 23.1 33 3.17302414128063 1.07704954824184 0
1 2017 329 8082.50915821408 21.7 32.6 2.64799065393637 1.19672172026871 0
1 2017 330 13059.4274775276 21.2 34 2.36522684556722 1.3089143815439 0
1 2017 331 11654.6084943224 21.7 32.9 2.17025001728893 1.51834068259093 0
1 2017 332 12189.8052391896 23 32.6 2.74568556796247 1.42858655357077 0
1 2017 333 17280.4682568975 23.4 34.3 2.93622057500529 1.14436514500695 0
1 2017 334 19463.2562378854 21.8 34.8 2.75829745013983 1.35379144605398 0
1 2017 335 13515.882782831 22.8 31.2 2.42407478553379 1.66793089762452 0
1 2017 336 14736.8922855017 24 31.5 2.84125226615478 1.44354557507413 10.3
1 2017 337 11009.0062898689 22.6 31.3 2.60431614389564 0.890061779449853 18.7
1 2017 338 9623.45255711652 21.8 29.6 2.38160889873692 1.3463119353023 0
1 2017 339 18527.0129105644 21.6 31.7 2.41001994378463 1.18924220951703 0
1 2017 340 18782.8733910818 20.7 31.2 2.60647496795609 1.36127095680566 0
1 2017 341 16849.1044826957 24.3 33.8 3.13828853696201 1.18176269876535 5.5
1 2017 342 19433.7778358317 25.2 33.7 3.12273989563701 0.822746182684739 0
1 2017 343 15181.2068060132 25.2 34.2 3.49287515219404 0.994774929973366 0
1 2017 344 19131.7233898406 24.1 34.7 3.22074784670884 1.22663976327543 0
1 2017 345 18436.8916545783 22.9 33.4 2.76790719526024 0.740471564416265 0
1 2017 346 18972.169586567 18.5 34.2 2.25457273666219 1.20420123102039 0
1 2017 347 20326.5632860136 19.2 34.3 2.2584011917836 1.82500062340978 0
1 2017 348 20317.9314074443 19.2 34.5 2.49965821937858 1.26403731703383 0
1 2017 349 16222.2114361643 20.2 33.8 2.73844369122856 1.67541040837619 0
1 2017 350 19487.5643257408 20.4 34.3 2.21582046686951 1.50338166108757 0
1 2017 351 19619.7178282158 20.2 34.1 2.92962291175112 1.52582019334261 0
1 2017 352 18527.4108708289 25 36 3.82704382441954 1.68288991912787 0
1 2017 353 7902.84927055695 24 32.2 2.99615270444906 1.64549236536948 0
1 2017 354 7902.93146351045 22.6 32.9 3.22346346650549 1.23411927402711 0
1 2017 355 9946.7879467649 21 35.2 3.12638063192763 1.42858655357077 0
1 2017 356 16214.995768212 21.6 33.8 3.08741209023429 1.55573823634932 0
1 2017 357 17036.3175809105 21 34.5 3.0290051365025 1.93719328468498 0
1 2017 358 10090.3297663913 21.6 35.4 2.3130291597651 1.44354557507413 0
1 2017 359 7912.79536223083 21.2 34.5 2.29281510383623 1.72028747288627 0
1 2017 360 8325.85589577088 21.6 33.8 2.45447775412273 2.31116882226895 0
1 2017 361 15563.3887832257 25.9 34.3 2.63857243753755 1.53329970409429 0
1 2017 362 9564.74282001401 22.8 33 2.36489499587302 1.57817676860436 0
1 2017 363 13123.8086363006 23 33.3 2.52844642674895 1.24907829553047 0
1 2017 364 13953.9990198716 24.6 31.2 2.45922022135595 1.39866851056406 0
1 2017 365 15333.6529038841 24.6 31.9 2.30885216608924 1.87735719867154 0
