*---------------------------------------------------------*
*Country: Nig
*Weather station: BENIN
*WMO-station number: 652290-99999
*Station longitude: 5.6(dd)
*Station latitude: 6.317(dd)
*Propagated data for longitude: 6.12923(dd)
*Propagated data latitude: 6.80155(dd)
*Elevation: -99.99
*Angstrom values of -0.25 and -0.45 for the Ke,Tz,Ug region
*Source: Combination of NASA power weather and TRMM rainfall
*Comments: NASA power temp. data converted
*using GYGA factors derived GYGA online propagated data
*Comments: differences between the sets were corrected
*on annual basis
*NASA-Power vs GYGA min. temp.: R2=1
* intercept=14.47; slope=0.3469
*NASA-Power vs GYGA max. temp.: R2=1
* intercept=9.297; slope=0.7965
*Columns:
*  ========
*  station number
*  year
*  day
*  average insolation incident on a horizontal surface (kJ m-2 d-1)
*  Propagated minimum temperature (degrees Celsius)
*  Propagated maximum temperature (degrees Celsius)
*  vapour pressure (kPa)
*  mean wind speed (m s-1)
*  TRMM precipitation (mm d-1)
*---------------------------------------------------------*
   6.12923 6.80155 -99.99 -0.25 -0.45
1 2018 1 15894.8957215985 21.5 34.2 2.33740490565949 2.52059512331597 0
1 2018 2 12072.3901766913 22.2 33.4 2.35264417219481 2.71506240285964 0
1 2018 3 13045.2005623111 23.9 33.9 2.4632301619615 2.87961163939659 0
1 2018 4 18964.2686706058 21.4 35.4 2.2659934787709 3.00676332217513 0
1 2018 5 19398.0821153288 19.5 34.6 1.88051952115987 2.87213212864491 0
1 2018 6 16806.4341394591 20.4 32.8 1.71166000115062 1.64549236536948 0
1 2018 7 13245.4295671686 20 32.4 1.71225801924054 1.3463119353023 0
1 2018 8 14918.7051877485 21.7 35 2.41141600904299 1.74272600514131 0
1 2018 9 17702.0421106386 23.2 35.1 2.6166482863946 1.53329970409429 0
1 2018 10 15929.458692081 23.9 33.4 3.04098186595941 1.37622997830902 0
1 2018 11 16368.9268330005 24.5 34.2 3.23396188970169 1.21168074177207 0
1 2018 12 15284.8092906192 25.2 34.1 3.10108626826938 1.28647584928886 0
1 2018 13 12392.5486851544 25 33.9 3.03394160476582 1.48094312883253 0
1 2018 14 11996.3039596143 24.6 33 2.78677536867781 1.57817676860436 0
1 2018 15 18844.9050493831 22.5 35 1.80747161737699 1.36127095680566 0
1 2018 16 16365.5942026372 24.5 33.5 1.98080757324249 1.09948808049688 0
1 2018 17 18212.4586455361 24.4 35 2.14618931739589 1.73524649438963 0
1 2018 18 15165.188692855 24.7 34.7 2.25337366534978 1.82500062340978 0
1 2018 19 17859.2938794343 25.3 35.5 2.39948660543592 1.48842263958421 0
1 2018 20 15083.116099305 24.7 35.2 2.62147281894785 1.42110704281909 1.7
1 2018 21 17365.5147867158 25 34.2 3.00261218285193 1.04713150523512 0
1 2018 22 17259.1982494704 25.2 35 3.26930348438867 1.62305383311444 0
1 2018 23 16587.8168185377 24.2 34 2.18808713027205 1.69036942987955 0
1 2018 24 17188.5035518109 22.7 34 1.85938652433006 1.93719328468498 0
1 2018 25 14387.7411761982 21 34.4 1.76879889000189 2.30368931151727 0
1 2018 26 17829.6953972217 21.5 34.5 1.9175586736548 1.71280796213459 0
1 2018 27 18010.3851222825 21.9 35.2 2.00558732426441 1.99702937069841 0
1 2018 28 15909.2195981604 22.5 34.8 2.09261318283588 1.6380128546178 0
1 2018 29 18089.0325986249 25 35.8 2.58269329034527 1.97459083844337 0
1 2018 30 17985.778330871 25.5 36.2 2.84010577745126 1.92223426318162 0
1 2018 31 16590.3635734156 22 36.6 1.92452155496034 2.07930398896688 0
1 2018 32 17203.2975425277 21.5 34 1.87529355025871 1.9297137739333 0
1 2018 33 11332.3412310719 21.4 32.5 2.2274972642165 1.51834068259093 0
1 2018 34 15548.3190796921 21.4 34.1 2.60954138251137 1.50338166108757 0
1 2018 35 12544.6172992984 23.2 34.9 2.91091125689026 1.59313579010772 0
1 2018 36 13009.5903120826 24.6 33.7 3.19201999112374 2.13914007498032 0
1 2018 37 14784.692668945 25.5 34.5 3.32401716703181 2.01946790295345 0
1 2018 38 15984.5901594779 25.9 34.8 3.49176544237385 2.19149665024208 0
1 2018 39 12372.8047315911 26.1 34.1 3.52620476328203 2.52059512331597 0
1 2018 40 11817.4134581852 26.1 34.2 3.64417119607562 2.75993946736971 0
1 2018 41 9793.9597052657 25.2 34.3 3.6120932640365 2.28873029001391 0
1 2018 42 8643.25357867941 25.6 32.7 3.34960072486276 2.54303365557101 0
1 2018 43 9106.62637091562 26 33.4 3.48203159948275 1.62305383311444 0
1 2018 44 15618.3359178506 25.5 35 2.92516526757151 1.71280796213459 3
1 2018 45 12846.5335948938 25.7 34.2 2.86128152774005 1.72028747288627 4.4
1 2018 46 11395.9379492173 24 31.7 2.99538551071529 1.61557432236276 0
1 2018 47 17506.3360133935 25.3 34.1 3.23096164824445 1.88483670942322 8.3
1 2018 48 11747.3373730843 23.3 32 2.93767880933846 2.22141469324879 0
1 2018 49 16839.4588765292 25.8 35.6 3.65680323959409 2.25133273625551 0
1 2018 50 17025.8479735155 26 35.6 3.59554894467352 1.6380128546178 0
1 2018 51 17362.0708595366 26.2 35.5 3.90380913324699 1.75020551589299 0
1 2018 52 17549.2935467138 25.8 35.8 3.89713977029839 2.62530827383948 0
1 2018 53 18036.9348621233 25.1 34.3 3.74686452147 2.22141469324879 0
1 2018 54 12961.7552389468 25.7 32.9 3.68275662232562 1.98954985994673 41.3
1 2018 55 17810.7515582385 21.1 33.2 2.99544501032085 2.10174252122192 0
1 2018 56 16639.7199554895 25.5 33.4 3.37227953711301 2.33360735452399 0
1 2018 57 15312.7884295407 26.3 33.3 3.65688071019773 3.06659940818857 0
1 2018 58 13980.7069501983 25.6 33.9 3.67106792246971 2.07930398896688 0
1 2018 59 18256.5961377019 25.5 34.9 3.57865546082294 1.86239817716818 0
1 2018 60 16012.072586972 25.5 34.5 3.66728113028542 2.20645567174544 21.3
1 2018 61 9041.46021530111 23.8 30.5 2.97889956477874 1.83248013416146 0
1 2018 62 9060.40877448231 26 33.7 3.31403465641791 2.33360735452399 0
1 2018 63 11827.1387225873 25.3 32.7 3.19653072486856 2.60286974158445 0
1 2018 64 17965.5426849638 23.8 34.4 2.73452381031432 2.34108686527567 0
1 2018 65 9880.98664822415 24 32.4 3.06545628967213 2.25133273625551 7.5
1 2018 66 16493.2108313901 23 33.4 3.05895519724143 2.35604588677902 1.9
1 2018 67 16981.2027286547 24.6 34.2 3.45235310741783 2.52807463406765 10.4
1 2018 68 14548.5028269839 22.7 33.7 3.27808025387593 2.31116882226895 0
1 2018 69 13340.3738651713 26.6 35.2 3.82203250514828 2.6178287630878 0
1 2018 70 17831.568143603 23.6 32.3 3.26050984040376 2.54303365557101 1.5
1 2018 71 21252.5394059409 23.2 35.1 3.43283567653004 2.25133273625551 0.4
1 2018 72 19736.6774026526 24.9 34.5 3.40862908882172 2.28125077926223 0
1 2018 73 16360.5600714992 25.4 35 2.92050648366097 2.38596392978574 0
1 2018 74 16382.5130759206 25.4 34.8 3.7067184526041 2.87213212864491 0
1 2018 75 9274.88195080521 24.5 31.8 3.41917947649794 2.49815659106093 0
1 2018 76 18440.6694899921 24.4 33.2 3.47772777253441 2.84969359638987 0
1 2018 77 13183.2985003545 24.7 32.7 3.38954476603971 2.80481653187979 0
1 2018 78 14908.6581195862 25.9 34.4 3.61977686158633 2.75993946736971 12.2
1 2018 79 15080.9581617466 24.1 33.7 3.19718597472101 2.61034925233613 0.6
1 2018 80 15564.0089465634 25.3 32.8 3.4889958965073 2.61034925233613 0
1 2018 81 11997.8476023197 25.7 33.7 3.51539637705595 1.83995964491314 0.9
1 2018 82 15283.0486069084 26 33.4 3.56294118509776 1.55573823634932 16.6
1 2018 83 13737.7864589893 21.6 31.7 2.87490929815816 1.3463119353023 20.5
1 2018 84 12814.1189044106 25.3 32.1 3.41670836521007 1.25655780628215 0
1 2018 85 17664.0494819556 24 33.6 3.23817120844659 1.97459083844337 0
1 2018 86 13929.0522553935 25.4 32.8 3.38506869242234 2.19149665024208 10.3
1 2018 87 13314.5709945636 21.3 30.4 2.84797875333083 2.4383205050475 0
1 2018 88 11605.093064536 25.8 32.8 3.50954153108078 2.20645567174544 2.7
1 2018 89 18491.1673809095 24 33.1 3.2161987038846 1.18176269876535 23.6
1 2018 90 20376.7317842389 22.8 35.5 3.43243162336661 1.97459083844337 0
1 2018 91 9751.72622213688 24.1 30.7 3.30386020581679 2.19149665024208 0
1 2018 92 17421.7094130549 25 33.8 3.6052535715673 2.30368931151727 0
1 2018 93 15864.0871870425 25.5 33.5 3.44961827223123 2.12418105347696 0
1 2018 94 14931.1746826781 25.3 33.2 3.39905763929649 1.88483670942322 0
1 2018 95 18064.4863305721 26 33.8 3.6846897855296 2.17653762873872 9.1
1 2018 96 14470.9530469847 24.5 32.5 3.43764467784902 2.52059512331597 0
1 2018 97 19792.0451097773 25 33.1 3.46007157819429 2.16905811798704 0
1 2018 98 17292.0852484324 25 33.2 3.53937496583317 2.16905811798704 0
1 2018 99 17293.7363615572 25.7 33.3 3.56505906537391 2.54303365557101 55.7
1 2018 100 21671.392307635 22.5 32.4 3.26192083995894 2.06434496746353 0
1 2018 101 13856.7681260215 25.3 31.7 3.12438862558861 1.69036942987955 6.7
1 2018 102 9951.65362019207 23.9 31.6 3.0558269751236 2.48319756955757 2.8
1 2018 103 9484.38699774256 25.5 33.3 3.41750983810763 2.4009229512891 0
1 2018 104 12607.5074418925 26 33.6 3.65693384181507 2.72254191361132 0
1 2018 105 13542.9971636244 26.3 33.5 3.71379942546566 2.41588197279246 0
1 2018 106 15568.8665246844 25.9 33.5 3.40112201386775 2.146619585732 2
1 2018 107 9486.04057569919 26.7 31.2 3.3494672415642 2.34856637602734 22.2
1 2018 108 20235.8987966658 25.2 35 3.65764262690188 2.27377126851055 0
1 2018 109 20384.5470041977 26 34.2 3.83260861418805 2.37100490828238 0
1 2018 110 12751.3813229093 22 32.2 3.0483639813984 2.44580001579918 0
1 2018 111 22234.3815001711 25.6 35.6 3.6531157704737 2.19149665024208 0
1 2018 112 19892.7201294662 26.2 35 3.75411548524819 2.4009229512891 0
1 2018 113 13981.5966786265 25.5 33.5 3.62236717339831 2.38596392978574 1
1 2018 114 17545.2553603501 26.5 34.2 3.75150499920801 2.35604588677902 0
1 2018 115 22343.738027266 25.4 34.2 3.70511898522328 2.6552263168462 0
1 2018 116 9469.32279266462 23.2 28.2 2.78977148870348 2.146619585732 0
1 2018 117 18136.5260045268 22 34.6 3.18102355496533 2.25133273625551 0
1 2018 118 14877.0002567584 25 36 3.68208335097889 2.10174252122192 17.8
1 2018 119 12086.2701280925 24.8 33 3.36448963755065 2.38596392978574 13.4
1 2018 120 23508.4265179461 23.5 35.1 3.41865455379231 2.25881224700719 0
1 2018 121 17936.8347937765 26 35 3.7292391676403 2.47571805880589 0
1 2018 122 24707.9439097107 26 35 3.72443626038775 2.37848441903406 16.7
1 2018 123 19760.5766806949 24.5 34 3.59737664072842 1.99702937069841 0
1 2018 124 19284.5182158453 23 29 2.82562631992332 2.05686545671185 0
1 2018 125 18194.1078203369 25.4 35.2 3.71186616673044 2.31116882226895 36.1
1 2018 126 12651.3815524883 24 30 2.9838331931361 2.42336148354414 0
1 2018 127 22770.2500285701 23.7 34.4 3.5432289933442 2.59539023083277 16.5
1 2018 128 20452.5282187308 24.8 33.6 2.87033944925638 2.47571805880589 0
1 2018 129 23346.0812609944 25.4 35.2 3.81632850099591 2.4009229512891 36.1
1 2018 130 17053.9958406014 22 32.1 3.28652879235223 1.93719328468498 1.1
1 2018 131 24377.5332599364 24.6 34.4 3.77202791593684 1.96711132769169 0
1 2018 132 11988.5360840339 21.7 30.1 3.00411657341798 1.72776698363795 0
1 2018 133 22811.2044357054 24.4 34.4 3.55811267779467 1.83995964491314 1.8
1 2018 134 20506.2526830241 24.8 33.4 3.50472655979314 1.8175211126581 0
1 2018 135 9375.08632310616 24.9 26.3 2.98569405743245 1.57817676860436 16.5
1 2018 136 21841.9045448768 22.4 31.7 3.18390298847832 1.98207034919505 0
1 2018 137 25926.9936141409 24.9 34 3.74021689975059 2.1840171394904 0
1 2018 138 21502.7008193919 24.4 34.2 3.46593208457914 1.51086117183925 0
1 2018 139 19968.685264007 24.2 33.6 3.38081824492986 2.146619585732 0
1 2018 140 21922.9312229916 24.6 33.9 3.53316680010087 2.50563610181261 0
1 2018 141 11913.6060971923 26.3 32.3 3.56945357440547 2.6178287630878 10.4
1 2018 142 9787.9518201717 22.8 29.3 2.96109007710231 1.96711132769169 4.1
1 2018 143 12804.383077337 24 29.5 2.60912152227534 1.89979573092658 19.5
1 2018 144 22761.3373941365 23.8 32.5 3.1297198307028 2.55051316632269 0
1 2018 145 14296.0238359647 25.3 31.4 3.51123156523904 2.49067708030925 23.8
1 2018 146 15793.9216817242 22 32.6 3.12166207970852 1.95963181694001 0
1 2018 147 22259.98668926 25.3 33.5 3.6314885037538 2.08678349971856 17.4
1 2018 148 17127.7053046359 23 30.7 2.90746735581775 2.30368931151727 0
1 2018 149 13056.3720302247 25 32.3 3.52576469859912 2.15409909648368 0
1 2018 150 10193.5650339016 23.5 30 3.06788413295806 1.98207034919505 7.8
1 2018 151 16645.3855340552 22.8 33.5 3.27809590269352 1.70532845138291 1.9
