*---------------------------------------------------------*
*Country: Nig
*Weather station: BENUE
*Station longitude: (dd)
*Station latitude:(dd)
*Elevation: -99.99
*Angstrom values of -0.25 and -0.45 for the Ke,Tz,Ug region
*Columns:
*  ========
*  station number
*  year
*  day
*  average insolation incident on a horizontal surface (kJ m-2 d-1)
*  Propagated minimum temperature (degrees Celsius)
*  Propagated maximum temperature (degrees Celsius)
*  vapour pressure (kPa)
*  mean wind speed (m s-1)
*  TRMM precipitation (mm d-1)
*---------------------------------------------------------*
   0.0 0.0 -99.99 -0.25 -0.45
2 2018 1 17421.57723 15 36 1.59512871552581 3.552767607 0
2 2018 2 16751.95093 15 36 1.45969941582384 3.747234887 0
2 2018 3 18004.58597 13 34 1.19990795229349 4.225923575 0
2 2018 4 16924.16121 13 34 1.1579227560863 4.128689935 0
2 2018 5 16668.15173 14 34 1.16760690881488 3.859427548 0
2 2018 6 14759.67284 14 34 1.23414826855568 2.505636102 0
2 2018 7 16433.30687 14 34 1.22519651612418 1.929713774 0
2 2018 8 18388.05594 14 34 1.26965688653395 1.825000623 0
2 2018 9 18136.72544 14 34 1.2147528049541 2.101742521 0
2 2018 10 17747.30986 16 34 1.53257085972981 1.436066064 0
2 2018 11 17219.16878 16 34 1.65864841288659 1.825000623 0
2 2018 12 17662.20516 16 34 1.24335275412144 2.161578607 0
2 2018 13 16161.02307 16 34 1.21135819917462 2.101742521 0
2 2018 14 17858.64675 15 34 1.09949450059526 2.453279527 0
2 2018 15 18167.77148 16 34 1.2237125322729 2.266291758 0
2 2018 16 18199.32509 14 34 1.14403396074528 1.78760307 0
2 2018 17 19071.24522 14 34 1.12523528063913 2.572951699 0
2 2018 18 17984.74341 16 36 1.27801942283469 2.281250779 0
2 2018 19 17737.57882 16 36 1.24541345649725 1.98954986 0
2 2018 20 18334.05291 16 36 1.16036902883361 1.548258726 0
2 2018 21 17524.34159 16 36 1.40205655251013 1.510861172 0
2 2018 22 18406.0989 16 36 1.25415320005162 2.28873029 0
2 2018 23 19291.67943 16 36 1.18927741135959 2.819775553 0
2 2018 24 18339.24103 16 36 1.25482548801734 2.819775553 0
2 2018 25 16389.96061 16 36 1.22423638557705 2.946927236 0
2 2018 26 18273.79952 16 36 1.32138199662367 2.565472188 0
2 2018 27 16317.60966 16 36 1.35432410694397 2.58791072 0
2 2018 28 18923.42261 16 36 1.43062879105325 2.722541914 0
2 2018 29 18106.0484 16 36 1.39768668073295 2.258812247 0
2 2018 30 20296.41844 16 36 1.25482548801734 2.595390231 0
2 2018 31 19191.73935 24 38 1.54095914213367 3.216189623 0
2 2018 32 18514.6235 24 38 1.57375506556684 2.68514436 0
2 2018 33 17546.38893 24 38 1.78715319749497 1.869877688 0
2 2018 34 18597.97411 24 38 2.29841019567227 1.480943129 0
2 2018 35 17336.419 24 38 1.72425690597931 1.869877688 0
2 2018 36 18537.22212 25 37 2.39140685527042 1.555738236 0
2 2018 37 14361.31925 25 37 2.56527017538871 1.458504597 0
2 2018 38 17601.48455 25 37 2.81955089680202 1.854918666 0
2 2018 39 15597.02257 25 37 2.84246311728273 2.393443441 0
2 2018 40 16072.27061 25 37 3.14481457578301 3.118955983 0
2 2018 41 16696.03856 25 37 3.0383401394315 2.909529682 0
2 2018 42 21143.32724 25 37 3.07967198814179 2.692623871 0
2 2018 43 20012.54752 25 37 2.83617348813116 2.505636102 0
2 2018 44 21090.37781 25 37 2.80607312004867 1.436066064 0
2 2018 45 19362.80935 24 37 2.3735094386246 1.89231622 0
2 2018 46 17331.59476 24 37 2.56431584493051 1.458504597 0
2 2018 47 19151.87277 24 37 2.03119313989728 1.997029371 0
2 2018 48 18747.69304 24 37 2.66124724584565 2.09426301 0
2 2018 49 18192.461 24 37 2.87170190909382 2.28873029 0
2 2018 50 18082.63535 25 37 3.26925938113899 1.967111328 0
2 2018 51 20964.32767 24 37 3.37426065888353 1.997029371 0
2 2018 52 22207.49314 24 37 3.32230193496957 2.827255064 0
2 2018 53 22103.0543 24 37 3.35155600641693 2.902050172 0
2 2018 54 20944.36218 24 37 3.67291416440584 2.438320505 26
2 2018 55 18122.77201 24 37 3.22100425473393 2.236373715 0
2 2018 56 18763.39559 21 35 2.77333490806332 2.109222032 0
2 2018 57 19859.41257 24 33 3.1325605226041 3.074078919 0
2 2018 58 19140.29821 24 33 3.06990931215202 2.872132129 0
2 2018 59 20239.30469 25 35 2.37296016361789 2.303689312 0
2 2018 60 19990 25 35 3.234488494292 3.044160876 0
2 2018 61 20640 24 34 3.06153938974567 2.169058118 0
2 2018 62 20110 24 34 2.86886629718154 2.273771269 0
2 2018 63 20150 24 34 2.81759362390044 2.520595123 0
2 2018 64 21000 24 34 2.71544884509825 2.946927236 0
2 2018 65 17790 24 34 2.60288930453583 2.894570661 0
2 2018 66 14210 24 34 2.74789483365894 2.640267295 0
2 2018 67 17460 24 36 3.17550988997525 3.388218371 0
2 2018 68 18480 24 36 3.22175929911572 3.156353537 0
2 2018 69 17650 24 36 3.16490222732835 2.902050172 0
2 2018 70 18650 24 36 3.18526893961039 3.141394516 0
2 2018 71 20350 24 36 1.93174710433953 2.797337021 0
2 2018 72 19200 24 36 2.88528423995613 2.819775553 0
2 2018 73 19140 24 37 3.03369087188442 2.625308274 0
2 2018 74 21020 24 37 3.18301762464557 3.133915005 0
2 2018 75 17950 25 36 3.2589908848223 2.744980446 0
2 2018 76 21120 25 36 3.4166135682924 3.103996962 0
2 2018 77 18700 25 36 3.18651064810197 3.328382284 0
2 2018 78 14960 26 37 3.15825968143733 3.537808586 0
2 2018 79 17400 26 37 3.43697043628977 3.4779725 0
2 2018 80 15110 25 36 3.08914261925479 3.029201854 0
2 2018 81 9150 25 36 3.09700192203169 2.356045887 0
2 2018 82 20530 25 36 3.37557054267969 2.236373715 0
2 2018 83 17310 25 36 3.19567983467502 1.997029371 0
2 2018 84 20190 23 36 2.88189694309745 1.854918666 0
2 2018 85 18600 23 36 2.5277410812776 2.243853226 0
2 2018 86 16300 23 36 2.72522729526096 2.78985751 0
2 2018 87 15910 26 35 3.08783273545864 3.238628155 0
2 2018 88 15970 23 35 2.97862186342389 2.318648333 20
2 2018 89 18740 26 36 3.20231975659733 1.428586554 0
2 2018 90 19550 26 36 2.97095125566472 2.176537629 0
2 2018 91 9990 24 34 2.99584627710426 2.602869742 0
2 2018 92 19200 24 34 3.05793427990559 2.632787785 0
2 2018 93 20350 24 34 2.84082655398094 2.468238548 0
2 2018 94 20320 25 34 2.88189694309745 2.595390231 0
2 2018 95 20940 25 35 3.26461425620918 2.999283811 0
2 2018 96 19860 25 35 3.23236696176262 3.111476473 0
2 2018 97 11870 22 35 2.65314256436208 3.014242833 0
2 2018 98 7320 21 32 2.59379210321133 2.68514436 0
2 2018 99 20610 21 35 2.8689671462724 2.49067708 8
2 2018 100 19890 21 35 2.78467469915531 2.198976161 0
2 2018 101 19840 24 37 2.87170190909382 2.154099096 0
2 2018 102 19850 24 37 2.89266004983222 3.178792069 0
2 2018 103 19450 24 37 3.10311471308039 2.98432479 0
2 2018 104 18840 24 37 3.03194436015622 3.500411032 0
2 2018 105 22170 25 35 3.26928162777382 2.999283811 0
2 2018 106 22540 25 35 2.87297935128573 2.924488704 0
2 2018 107 17380 22 35 2.66559497886187 3.216189623 18
2 2018 108 21240 22 35 2.80801946970325 2.834734575 0
2 2018 109 21760 20 33 2.53112841251709 2.647746806 18
2 2018 110 16930 22 33 2.62202118347613 3.642521736 0
2 2018 111 20580 22 33 2.44176181619991 3.201230602 0
2 2018 112 19020 24 34 2.7739317380595 2.812296043 0
2 2018 113 20710 22 32 2.62230769930888 3.096517451 19
2 2018 114 20370 20 31 2.3251415912687 2.917009193 25
2 2018 115 22200 20 35 2.82210540988253 3.463013478 0
2 2018 116 14930 20 35 2.56805351139955 2.879611639 0
2 2018 117 22340 20 35 2.61431151603662 3.111476473 0
2 2018 118 21800 20 32 2.26964417227245 2.902050172 15
2 2018 119 19810 20 32 2.15825256846994 2.924488704 0
2 2018 120 18090 25 33 2.85003961246113 2.797337021 0
2 2018 121 22260 25 33 3.01667580062471 2.670185338 0
2 2018 122 17650 25 33 2.87407367806165 2.572951699 0
2 2018 123 23720 25 33 3.06874960942582 2.595390231 0
2 2018 124 7690 23 33 2.72759775065898 2.371004908 0
2 2018 125 18170 21 32 2.58305964789906 2.677664849 0
2 2018 126 20970 21 32 2.29709164506236 3.208710112 24
2 2018 127 8040 21 32 2.65680200214145 3.403177392 0
2 2018 128 22260 20 26 1.93148836539798 2.909529682 0
2 2018 129 8870 21 25 2.05004663306314 2.939447725 57
2 2018 130 19840 22 26 2.43726379534883 2.400922951 0
2 2018 131 4740 22 26 2.25226091176456 2.453279527 0
2 2018 132 13770 22 26 2.46232870215702 2.146619586 0
2 2018 133 10750 22 25 2.21247506357976 2.064344967 0
2 2018 134 18810 21 30 2.41586290528592 2.184017139 0
2 2018 135 16710 20 30 2.27066306790891 1.735246494 71
2 2018 136 20320 22 30 2.64679772104166 2.004508881 0
2 2018 137 21070 20 30 2.57888783982232 2.946927236 0
2 2018 138 22630 22 28 2.60169583938837 1.914754752 0
2 2018 139 18980 21 30 2.39889345086543 2.333607355 0
2 2018 140 18660 20 32 2.5745267647267 2.902050172 60
2 2018 141 9720 24 27 2.43544304500186 3.201230602 0
2 2018 142 18640 21 30 2.44960849614412 2.430840994 0
2 2018 143 18590 20 31 2.3845346817404 2.468238548 8
2 2018 144 16420 20 31 2.43511670933993 3.059119897 0
2 2018 145 14190 20 31 2.60872728148799 2.88709115 0
2 2018 146 19930 20 31 2.49157277885424 2.976845279 0
2 2018 147 18950 21 32 2.72812089873269 2.019467903 0
2 2018 148 11150 21 32 2.65160887860325 2.557992677 0
2 2018 149 21340 20 30 2.38406951019565 2.258812247 25
2 2018 150 19020 22 32 2.67970967613943 2.228894204 0
2 2018 151 18850 22 32 2.68042274417459 1.89231622 0
2 2018 152 17480 22 32 2.91573519577811 2.034426924 0
2 2018 153 19240 22 32 2.94247524709669 1.974590838 0
2 2018 154 14850 22 32 3.15318685148711 2.019467903 0
2 2018 155 18670 22 32 2.79593976587087 2.423361484 0
2 2018 156 18920 22 32 3.04765278228311 2.408402462 0
2 2018 157 15490 22 32 3.12216839195756 2.198976161 0
2 2018 158 20900 22 32 2.96208461806365 1.854918666 0
2 2018 159 18290 22 32 3.08330618404122 2.408402462 0
2 2018 160 15190 21 32 3.01443510980527 3.08903794 0
2 2018 161 11310 21 32 2.86175727778228 2.468238548 0
2 2018 162 21790 21 31 2.46057395453708 1.623053833 0
2 2018 163 20990 22 31 2.64433850564978 0.972336398 0
2 2018 164 12930 20 31 2.54900785535436 1.952152306 38
2 2018 165 21130 24 32 3.2711517370015 2.430840994 0