*---------------------------------------------------------*
*Country: Nig
*Weather station: BENUE
*Station longitude: (dd)
*Station latitude:(dd)
*Propagated data for longitude: (dd)
*Propagated data latitude: (dd)
*Elevation: -99.99
*Columns:
*  ========
*  station number
*  year
*  day
*  average insolation incident on a horizontal surface (kJ m-2 d-1)
*  Propagated minimum temperature (degrees Celsius)
*  Propagated maximum temperature (degrees Celsius)
*  vapour pressure (kPa)
*  mean wind speed (m s-1)
*  TRMM precipitation (mm d-1)
*---------------------------------------------------------*
   0.0 0.0 -99.99 -0.25 -0.45
2 2017 1 16050.92621 14 34 1.61608970563287 3.111476473 0
2 2017 2 9892.731653 14 34 1.6599532925472 2.752459957 0
2 2017 3 15532.96661 16 35 1.75438051854884 3.051640387 0
2 2017 4 7990.016185 16 35 1.71489390345502 2.68514436 0
2 2017 5 15842.59462 14 35 1.43801336109732 2.049385946 0
2 2017 6 8010.145721 14 35 1.52656325376271 1.959631817 0
2 2017 7 15605.87064 14 35 1.3918936253341 1.510861172 0
2 2017 8 17421.5347 14 35 1.45953590445349 2.213935182 0
2 2017 9 15509.96472 14 35 1.48690028100634 3.238628155 0
2 2017 10 16501.40228 14 35 1.50012127192513 1.982070349 0
2 2017 11 12228.66431 14 35 1.99698455854759 1.757685027 0
2 2017 12 14469.27091 15 35 2.41257950965321 1.630533344 0
2 2017 13 9904.74957 15 35 2.36221184394486 1.49590215 0
2 2017 14 14934.6037 15 35 1.97764362903952 1.997029371 0
2 2017 15 15936.43447 15 35 1.49487430489148 1.869877688 0
2 2017 16 16243.75824 15 35 1.43405297271535 1.480943129 0
2 2017 17 18651.50238 15 35 1.81925474316418 1.136885634 0
2 2017 18 17984.74341 15 35 2.22884840203782 1.540779215 0
2 2017 19 18439.54743 15 35 2.35302528856409 1.563217747 0
2 2017 20 18896.62001 19 35 2.3748730911076 1.525820193 0
2 2017 21 17242.55146 19 35 2.36132479843952 1.608094812 0
2 2017 22 18688.40562 19 35 2.51178215385874 2.169058118 0
2 2017 23 19715.92865 19 35 2.73105057467111 2.744980446 0
2 2017 24 18905.97686 24 35 3.11855056903993 2.744980446 0
2 2017 25 8298.482286 24 35 2.99445171641155 2.109222032 0
2 2017 26 15144.70532 24 35 2.93343301146471 1.982070349 0
2 2017 27 19595.36448 23 35 2.3124776785296 1.914754752 0
2 2017 28 16067.54124 23 35 2.34211969277024 1.705328451 0
2 2017 29 15673.6841 23 35 2.54801152141465 1.48842264 0
2 2017 30 19436.20227 23 35 2.48392067981328 1.458504597 0
2 2017 31 16174.85582 23 35 2.47190364701302 1.421107043 0
2 2017 32 20817.90753 24 35 1.97857273675603 1.79508258 0
2 2017 33 18556.14928 24 35 2.25439377465763 1.473463618 0
2 2017 34 13972.38952 24 35 2.19543651244548 1.391189 0
2 2017 35 13570.34263 23 35 2.0232677558034 1.084529059 0
2 2017 36 19553.27152 23 35 1.47008367923153 2.184017139 0
2 2017 37 20179.38727 23 35 1.44484791035099 1.847439156 0
2 2017 38 21245.33878 23 35 2.00163709676293 1.967111328 0
2 2017 39 18372.10621 23 35 2.10498357884515 1.540779215 0
2 2017 40 9193.350069 22 36 1.65995279747561 1.234119274 0
2 2017 41 22415.88844 22 36 1.50252966779223 1.712807962 0
2 2017 42 20114.57106 18 36 1.8546899594568 1.301434871 0
2 2017 43 18098.07935 18 37 1.92778398689907 1.525820193 0
2 2017 44 20352.54092 16 37 1.29551121866215 2.498156591 0
2 2017 45 20102.14274 16 37 1.1816087090577 3.103996962 0
2 2017 46 11256.85415 16 37 1.26192901978181 2.378484419 0
2 2017 47 12322.69974 16 37 1.2484268985825 2.543033656 0
2 2017 48 12797.53139 16 37 1.18749424906765 3.814550483 0
2 2017 49 15956.77984 16 37 1.14871892664912 3.836989016 0
2 2017 50 13602.61159 16 37 1.12898505720397 3.261066688 0
2 2017 51 18420.78897 16 37 1.17191487845306 2.48319757 0
2 2017 52 21008.27276 16 38 1.23931224511185 1.98954986 0
2 2017 53 21352.14559 16 38 1.24893866358654 2.161578607 0
2 2017 54 18386.58876 16 38 1.61652523571264 1.914754752 0
2 2017 55 10887.78696 20 38 1.82698955339919 2.19149665 0
2 2017 56 16347.45496 20 38 2.42343494805198 1.555738236 0
2 2017 57 16985.48534 21 38 2.39333501497578 1.600615301 0
2 2017 58 17776.63853 21 38 2.58793520913057 1.742726005 0
2 2017 59 18721.59157 25 38 2.88555761615882 2.184017139 0
2 2017 60 14500.29465 25 38 2.88833085750064 1.877357199 0
2 2017 61 13766.81093 29 38 3.26464961968092 2.131660564 0
2 2017 62 18672.99068 25 38 2.92022313293151 2.154099096 0
2 2017 63 21760.74844 25 38 3.20355595668698 1.727766984 0
2 2017 64 21644.72655 25 38 3.23128837010513 2.415881973 0
2 2017 65 14634.36282 25 38 3.44482795342491 3.044160876 0
2 2017 66 11438.29423 25 38 3.24238133547239 2.460759037 0
2 2017 67 11765.74422 25 38 3.19061416375851 1.929713774 0
2 2017 68 19014.62464 25 38 3.48596436666184 1.79508258 0
2 2017 69 21661.39734 25 38 3.15964630210823 1.652971876 0
2 2017 70 18146.36897 25 37 2.88783829901903 1.869877688 0
2 2017 71 19561.73879 25 37 3.22253642172736 1.675410408 0
2 2017 72 18815.88553 25 37 2.93051792540465 2.176537629 0
2 2017 73 17758.06638 25 37 3.30295382302238 1.877357199 0
2 2017 74 17936.05479 27 38 3.39468965548799 1.346311935 0
2 2017 75 21213.81002 27 38 2.85279135001606 1.652971876 0
2 2017 76 20307.47105 25 38 2.97938561489024 2.625308274 0
2 2017 77 22349.086 25 38 2.94240906366604 2.393443441 0
2 2017 78 18953.20754 25 38 3.06581830337682 2.640267295 0
2 2017 79 19750.63127 25 38 3.03762368306836 1.862398177 0
2 2017 80 10741.72561 25 38 3.15594864698581 2.557992677 0
2 2017 81 16673.00448 25 38 3.37272367853771 3.223669134 0
2 2017 82 20584.97207 25 38 3.38566547146618 3.18627158 0
2 2017 83 22785.12592 25 34 2.76604386140783 2.475718059 0
2 2017 84 21241.70753 25 34 2.76604386140783 2.48319757 0
2 2017 85 18290.67223 25 38 3.05980961380288 2.692623871 0
2 2017 86 20802.19512 25 38 3.14069581960583 2.326127844 0
2 2017 87 15971.65519 25 38 3.36440395451227 2.019467903 0
2 2017 88 23014.60719 25 38 3.10140823393011 1.578176769 0
2 2017 89 18648.66055 25 38 3.14762892296037 2.744980446 0
2 2017 90 9901.398573 25 38 3.1887653361973 2.894570661 0
2 2017 91 22888.54723 25 39 3.40584561634234 2.677664849 0
2 2017 92 20237.36906 25 39 3.13910271661205 1.944672795 0
2 2017 93 9450.578661 25 39 3.42486471792738 1.929713774 0
2 2017 94 17433.65104 25 39 3.29268196191131 2.88709115 0
2 2017 95 14466.12244 26 39 3.59765698109345 2.610349252 0
2 2017 96 15408.57835 25 39 3.87466647041375 3.036681365 0
2 2017 97 14473.33982 26 39 3.12276234696597 1.817521113 0
2 2017 98 21043.81066 21 39 2.93874685969649 2.819775553 0
2 2017 99 15259.61825 21 37 3.12563023134704 3.156353537 37
2 2017 100 14635.48371 21 37 3.19693129262857 2.640267295 0
2 2017 101 19324.07987 25 37 3.37528455826539 2.700103381 0
2 2017 102 21040.92008 25 35 3.28795111403236 2.999283811 0
2 2017 103 11668.40915 22 35 3.19326604329059 2.931968215 0
2 2017 104 25248.7234 22 32 2.62836877760776 2.041906435 0
2 2017 105 13072.07192 22 31.8 3.14926752201383 2.064344967 0
2 2017 106 25546.60526 22 35 2.59282618162871 1.907275242 0
2 2017 107 22888.17315 22 35 3.02593672344962 1.727766984 0
2 2017 108 17271.79099 22 35 2.9897468938096 1.353791446 0
2 2017 109 20380.09129 22 35 3.06368310490212 1.024692973 0
2 2017 110 13525.60737 21 35 3.05153778285338 1.944672795 0
2 2017 111 21140.65243 21 35 3.07232739985535 2.857173107 32
2 2017 112 13361.05796 22 35 3.22128397591512 2.251332736 0
2 2017 113 16306.29933 22 35 2.90491482002976 2.198976161 0
2 2017 114 14281.41994 22 35 3.20688587164974 2.931968215 0
2 2017 115 18306.07785 22 35 3.16485897271294 2.557992677 0
2 2017 116 20309.9352 22 34 2.81642611421287 2.49067708 0
2 2017 117 21536.0491 22 34 3.02129833994141 2.184017139 0
2 2017 118 24461.00935 22 34 3.09084905863893 2.296209801 0
2 2017 119 23053.34149 22 34 2.91168035938555 2.131660564 0
2 2017 120 19640.33298 22 34 3.24922814089033 2.303689312 0
2 2017 121 22866.44224 22 34 3.12524642495128 2.677664849 0
2 2017 122 17455.17075 22 34 3.08404518398374 1.877357199 0
2 2017 123 23756.36883 22 34 3.28589346542108 2.513115613 0
2 2017 124 9892.263062 22 34 3.22692655174276 1.937193285 0
2 2017 125 23258.20589 22 34 3.1105046965317 2.154099096 0
2 2017 126 22625.48135 22 34 3.16380171466404 2.625308274 0
2 2017 127 23987.91017 22 34 3.10332282884011 1.78760307 22
2 2017 128 14926.37672 22 34 3.1082367383133 2.363525398 0
2 2017 129 24407.61524 20 34 3.19632746761442 1.735246494 0
2 2017 130 21328.12688 21 34 3.01117582566105 1.316393892 34
2 2017 131 9697.729452 24 31 3.0280636686238 1.630533344 0
2 2017 132 22972.10745 24 32 3.17211756146482 1.735246494 0
2 2017 133 21580.31145 23 32 3.14113879106998 2.041906435 0
2 2017 134 18515.36299 23 34 3.31817932624163 2.415881973 0
2 2017 135 16674.01693 23 34 3.4372555398959 2.670185338 0
2 2017 136 21374.57601 21 32 2.96838941443325 2.400922951 52
2 2017 137 23179.86977 23 26 2.45356994260351 1.518340683 0
2 2017 138 22553.61769 24 34 3.24580055934962 2.026947414 0
2 2017 139 18593.08871 25 33 3.37838848791247 1.772644048 0
2 2017 140 12670.9303 25 33 3.682819985519 1.316393892 0
2 2017 141 11451.28781 21 31 2.8545347024493 1.29395536 0
2 2017 142 19759.55554 22 32 3.12074225588723 1.391189 50
2 2017 143 21557.30976 24 32 3.34032446266261 1.832480134 0
2 2017 144 22597.50486 24 32 3.21407478850517 2.378484419 0
2 2017 145 9611.424283 21 31 3.03437173327953 2.550513166 8
2 2017 146 19550.50491 21 31 2.83302148754624 1.368750468 0
2 2017 147 17429.06162 23 29 2.77554086647714 1.623053833 0
2 2017 148 19974.8575 22 32 2.86938577349257 1.884836709 0
2 2017 149 14850.68364 22 33 3.0456857656284 2.969365768 0
2 2017 150 19648.35304 23 33 3.31159699189625 2.580431209 0
2 2017 151 9879.556111 23 33 3.21861070494197 2.116701543 0
2 2017 152 17224.48393 22 32 2.88614287231888 1.241598785 0
2 2017 153 21861.69752 23 33 3.25187409214513 2.079303989 0
2 2017 154 18553.82307 23 33 3.04624588034378 2.550513166 0
2 2017 155 18244.77802 23 33 3.27795561165669 2.296209801 0
2 2017 156 17786.93812 21 27 2.50619228907135 1.331352914 114
2 2017 157 23312.00082 22 31 2.8974167260779 1.952152306 0
2 2017 158 18817.3102 23 33 3.21709873279637 1.937193285 0
2 2017 159 22992.85143 23 33 3.07232739985535 1.144365145 0
2 2017 160 22685.19481 23 33 3.02356629815981 1.331352914 0
2 2017 161 12377.00522 23 33 3.32444875513383 2.198976161 0
2 2017 162 11179.59217 23 33 3.28022356987509 2.326127844 0
2 2017 163 22364.56132 23 33 3.37472182897497 2.363525398 0
2 2017 164 16990.09044 23 33 3.31726688744224 2.221414693 0
2 2017 165 22353.53506 23 31 2.7820349391852 1.308914382 0
2 2017 166 15194.43862 22 31 2.8375227012707 1.78760307 0
2 2017 167 11019.28526 22 31 3.10098716877521 2.707582892 0
2 2017 168 12508.1009 22 31 3.0275910227687 2.400922951 0
2 2017 169 19658.60149 21 29 2.67518828243453 1.525820193 0
2 2017 170 20849.26056 21 29 2.81583761309184 2.109222032 55
2 2017 171 17273.24772 23 29 2.89218282852965 2.341086865 0
2 2017 172 21742.70713 23 29 2.72915299684242 1.211680742 0
2 2017 173 21594.61373 22 30 2.66326877620181 0.964856887 0
2 2017 174 9527.373127 23 29 3.0363885971767 2.445800016 0
2 2017 175 17277.09592 23 29 2.81621428840323 1.757685027 0
2 2017 176 20111.25108 23 29 3.0642885477541 1.585656279 0
2 2017 177 17431.47626 21 30 2.76014702862465 0.867623247 0
2 2017 178 19373.38212 20 30 2.81963894635284 2.139140075 31
2 2017 179 19676.28626 21 30 2.75557832935759 2.169058118 27
2 2017 180 19383.21848 21 30 2.67595242784608 1.615574322 0
2 2017 181 18045.84219 21 31 2.80478539298598 2.079303989 0
2 2017 182 15961.51934 21 31 2.85083711863783 2.625308274 0
2 2017 183 19850.61047 22 31 2.97150528855617 2.513115613 0
2 2017 184 15973.1503 22 28 2.7068660596096 2.341086865 29
2 2017 185 19268.77464 22 28 2.71573583721862 2.647746806 20
2 2017 186 21371.58511 22 28 2.7974645023303 2.744980446 0
2 2017 187 14946.26513 22 28 2.69102717102207 2.243853226 0
2 2017 188 19146.51902 22 30 2.59095799354777 2.258812247 0
2 2017 189 18257.54382 21 30 2.31403549812311 2.101742521 0
2 2017 190 11370.22997 21 30 2.75100963009054 2.602869742 0
2 2017 191 21728.94504 21 28 2.53627800207222 2.550513166 0
2 2017 192 20390.88405 23 28 2.72425010581208 1.854918666 0
2 2017 193 22206.72634 23 28 2.65735129511593 1.331352914 0
2 2017 194 11695.50814 23 28 2.67040472159323 2.243853226 32
2 2017 195 15614.98373 20 29 2.67617453388734 2.445800016 0
2 2017 196 17131.20513 20 29 2.57378872049298 2.228894204 0
2 2017 197 9757.233014 21 29 2.70940028178361 2.819775553 0
2 2017 198 22283.8378 21 29 2.72143783711013 2.408402462 0
2 2017 199 15053.25145 21 29 2.7543827253722 1.391189 0
2 2017 200 21108.41401 23 31 2.93249229460442 1.323873403 0
2 2017 201 21578.28915 23 31 2.91252638961988 1.825000623 0
2 2017 202 10089.75173 23 31 3.34821095910397 3.111476473 0
2 2017 203 15702.62047 23 31 3.13571668462564 2.797337021 0
2 2017 204 20264.30028 23 31 2.75675468894849 1.974590838 0
2 2017 205 18155.07644 23 31 3.15603912362776 2.146619586 0
2 2017 206 18625.12688 23 31 3.19418826350894 2.438320505 0
2 2017 207 22442.26221 23 31 3.05870533682813 1.907275242 0
2 2017 208 20785.9977 24 29 2.87491319074571 1.49590215 0
2 2017 209 22479.13329 23 30 3.18407714538636 2.640267295 0
2 2017 210 22345.06451 23 30 2.90745676491841 1.540779215 0
2 2017 211 14423.69688 23 30 3.11622033115392 2.378484419 0
2 2017 212 19630.59726 23 30 2.9881232838784 2.438320505 0
2 2017 213 21787.8334 23 30 3.03901589455273 2.408402462 0
2 2017 214 14914.46516 23 29 2.95470560934165 2.341086865 0
2 2017 215 11706.35321 22 28 2.776240391623 2.258812247 28
2 2017 216 9412.496186 20 26 2.52287498491257 2.393443441 34
2 2017 217 16328.13611 20 27 2.62392998641013 2.169058118 0
2 2017 218 15724.7548 20 27 2.51679534781249 2.415881973 0
2 2017 219 9889.056167 20 28 2.6025728235838 2.543033656 0
2 2017 220 18055.70172 22 26 2.61719401922191 2.408402462 0
2 2017 221 20379.85153 22 25 2.46149071004993 2.206455672 54
2 2017 222 13760.38279 22 28 2.63907561645495 2.169058118 18
2 2017 223 11606.62323 23 28 2.88480725148284 1.825000623 0
2 2017 224 14393.80491 23 28 2.84173094410776 2.453279527 0
2 2017 225 10535.12861 23 28 2.88970228641183 2.041906435 0
2 2017 226 9920.258307 22 28 2.84593150140815 2.198976161 18
2 2017 227 18752.95668 23 28 2.83487789520718 2.580431209 22
2 2017 228 10702.00134 24 28 2.9889922955934 2.617828763 0
2 2017 229 19857.98706 22 28 2.78225916928626 2.535554145 12
2 2017 230 22351.27844 22 25 2.46843998390491 2.28873029 0
2 2017 231 20653.11456 22 28 2.59472672840986 1.518340683 0
2 2017 232 20040.13668 22 25 2.3989472453551 1.346311935 0
2 2017 233 13826.51078 22 28 2.80696783548282 3.014242833 12
2 2017 234 12273.73828 22 28 2.73632639238241 2.281250779 29
2 2017 235 19749.81391 22 27 2.62359803511726 1.697848941 0
2 2017 236 14302.73608 22 26 2.44024771282599 0.957377376 0
2 2017 237 15707.60935 21 28 2.74135709376603 2.206455672 0
2 2017 238 15397.93913 20 31 2.99837206183534 2.400922951 0
2 2017 239 17739.20032 20 27 2.48436540315591 1.278996339 0
2 2017 240 14932.04045 20 26 2.32761907015597 1.151844656 0
2 2017 241 19770.93624 20 26 2.52821291639512 2.58791072 168
2 2017 242 11340.29183 22 28 2.82534094624436 3.201230602 0
2 2017 243 12431.38106 22 28 2.79239605798229 2.767418978 0
2 2017 244 11335.55309 22 28 2.81330339091783 1.79508258 0
2 2017 245 15706.68459 22 28 2.73347539243666 2.049385946 0
2 2017 246 19921.92647 22 28 2.84593150140815 2.834734575 0
2 2017 247 14762.01085 21 27 2.49724053663986 2.064344967 0
2 2017 248 17413.54882 20 27 2.40966070921486 1.578176769 58
2 2017 249 20689.15575 20 28 2.56766098910096 1.518340683 0
2 2017 250 18651.5414 21 28 2.9083105372289 2.19149665 0
2 2017 251 16301.05018 20 28 2.53334593811356 1.600615301 0
2 2017 252 17074.12121 20 27 2.34219484220608 0.927459333 0
2 2017 253 16753.01641 20 28 2.51514404150285 1.114447102 0
2 2017 254 13777.51685 24 28 3.09353307426294 2.393443441 0
2 2017 255 15016.49227 20 28 2.58944358668427 1.810041602 0
2 2017 256 19997.62756 20 28 2.62375863767168 2.266291758 0
2 2017 257 14059.02748 20 28 2.61480688524018 2.0867835 0
2 2017 258 13891.54307 20 28 2.6404685755438 2.026947414 0
2 2017 259 17929.24748 20 27 2.53358942629537 2.378484419 0
2 2017 260 17602.60532 21 27 2.51812795898002 1.458504597 0
2 2017 261 19609.15803 20 30 2.55639661802803 1.009733951 103
2 2017 262 15859.55717 20 30 2.72523917037114 1.443545575 0
2 2017 263 14910.92204 20 29 2.66479833239907 1.421107043 0
2 2017 264 16602.03669 20 30 2.80538394662406 1.608094812 0
2 2017 265 17203.82193 21 30 2.96932818792335 1.914754752 0
2 2017 266 15479.09918 20 30 2.62070250569341 1.615574322 0
2 2017 267 15150.19738 21 30 2.87012214669588 1.308914382 0
2 2017 268 20544.32271 21 30 2.91058776877551 1.391189 32
2 2017 269 12483.30374 21 30 2.81366607718157 1.623053833 0
2 2017 270 15243.46089 21 30 3.04797508244907 1.428586554 0
2 2017 271 19076.11415 21 30 3.08419834092357 2.550513166 0
2 2017 272 18433.02055 21 30 2.84793132168448 2.154099096 0
2 2017 273 17175.32546 21 30 2.86196375514757 1.106967591 0
2 2017 274 18685.14157 21 31 2.83940822322059 1.106967591 0
2 2017 275 20190.23766 21 31 2.77453243452856 0.979815908 27
2 2017 276 14029.66614 21 31 2.95537789730737 1.720287473 0
2 2017 277 18442.49695 21 31 2.96512607281032 1.825000623 0
2 2017 278 11536.1187 21 31 2.99672360719919 2.557992677 0
2 2017 279 18379.54342 21 31 2.980757 1.944672795 0
2 2017 280 22459.8865 21 31 2.96478992882746 1.413627532 0
2 2017 281 20747.36669 21 31 3.02664042167375 1.862398177 38
2 2017 282 17520.91782 21 31 2.93957913011294 2.116701543 0
2 2017 283 10665.73839 21 31 2.95739476120454 2.228894204 0
2 2017 284 21237.88178 20 28 2.63569430758034 2.453279527 78
2 2017 285 18326.53277 20 32 2.85554313439788 1.503381661 0
2 2017 286 17234.48873 20 32 2.85722385431218 1.323873403 0
2 2017 287 15844.55057 20 32 3.03033800548521 1.361270957 0
2 2017 288 15661.40219 20 32 2.68310127119057 1.047131505 0
2 2017 289 20879.18773 20 32 2.48678110721073 0.80030765 0
2 2017 290 19338.76077 20 32 2.94529357782157 1.825000623 0
2 2017 291 18700.30066 20 32 2.98966458355912 1.78760307 0
2 2017 292 20898.14412 20 32 2.79369264155159 1.19672172 0
2 2017 293 16386.95131 20 32 2.61083031487561 1.174283188 0
2 2017 294 21700.54153 20 32 2.71369037363085 1.19672172 0
2 2017 295 21950.36532 20 32 2.76680112292277 1.757685027 0
2 2017 296 21902.72809 20 32 2.76243125114559 2.071824478 0
2 2017 297 21263.99354 20 32 2.70763978193937 1.159324167 0
2 2017 298 20480.04011 20 32 2.82327331204329 1.278996339 0
2 2017 299 19846.06959 20 32 2.75369150759122 1.361270957 0
2 2017 300 21857.26412 20 32 2.67906754339624 1.047131505 0
2 2017 301 22980.86519 20 32 2.47099441800574 0.837705204 0
2 2017 302 19859.15161 20 32 2.77049870673423 1.226639763 0
2 2017 303 21711.50061 20 32 2.66663021603041 1.361270957 0
2 2017 304 20352.41337 22 32 2.87473378375628 0.979815908 0
2 2017 305 19289.49919 22 32 2.97206757055592 1.077049548 0
2 2017 306 19681.16842 22 32 3.03374795559745 1.323873403 0
2 2017 307 20360.68999 22 32 3.1082635652719 1.421107043 0
2 2017 308 18582.21411 22 32 3.05906187084571 1.660451387 0
2 2017 309 17387.64443 22 32 2.72998097261836 0.942418355 0
2 2017 310 19362.50695 22 32 2.67935314212185 1.114447102 0
2 2017 311 18171.51279 22 32 2.41052649286571 0.875102758 0
2 2017 312 18418.10407 19 34 2.38225887108878 1.615574322 0
2 2017 313 21094.44496 20 34 2.53959180723007 1.062090527 0
2 2017 314 21762.84537 20 34 2.33494128113852 1.286475849 0
2 2017 315 21859.36251 20 34 2.59592418200788 0.658196946 0
2 2017 316 19823.99627 21 34 2.64221316962724 0.830225693 0
2 2017 317 22194.45001 20 34 2.69040569666686 1.151844656 0
2 2017 318 21441.48305 20 34 2.5973503180782 0.927459333 0
2 2017 319 18148.12309 20 35 2.8481714283685 1.548258726 0
2 2017 320 18817.2073 25 34 3.48301364453322 2.169058118 0
2 2017 321 20610.86394 24 34 3.15126656798759 1.451025086 0
2 2017 322 19868.76645 24 35 3.29377320148863 1.682889919 0
2 2017 323 20533.06005 20 34 3.00736443829645 2.0867835 12
2 2017 324 21335.87698 22 34 3.08442317702013 1.204201231 0
2 2017 325 19060.42812 22 34 2.97253723824588 1.645492365 0
2 2017 326 19864.61616 23 33 3.00844657670383 1.510861172 0
2 2017 327 16624.90268 23 33 3.1127726547501 1.825000623 0
2 2017 328 21746.23703 18 34 2.31300674606142 1.600615301 0
2 2017 329 19904.96939 14 34 1.62683180855066 1.19672172 0
2 2017 330 11964.77381 14 34 1.68382463236453 2.251332736 0
2 2017 331 19151.20294 14 34 1.7554386518165 2.146619586 0
2 2017 332 19538.43646 15 34 1.74455587147021 1.234119274 0
2 2017 333 19925.68251 15 35 1.69381074555091 1.249078296 0
2 2017 334 20175.0134 15 35 1.79106152147837 1.682889919 0
2 2017 335 19184.18654 15 35 1.9649725181695 2.415881973 0
2 2017 336 18885.28076 15 35 2.07172662724948 1.249078296 0
2 2017 337 18313.07832 15 35 1.85980229794827 1.077049548 0
2 2017 338 20216.49588 15 35 1.88609485300358 1.234119274 0
2 2017 339 20607.38001 15 35 1.65421352408208 1.473463618 0
2 2017 340 20313.10414 15 35 1.70743218973619 1.660451387 0
2 2017 341 19746.59971 18 34 1.81820280329113 1.264037317 0
2 2017 342 20277.69917 18 34 2.00745186564145 1.570697258 0
2 2017 343 19851.59106 18 33 1.93973917452647 1.226639763 0
2 2017 344 20247.81526 18 33 2.0425349080352 1.458504597 0
2 2017 345 19005.11732 18 33 1.72239962367946 1.555738236 0
2 2017 346 20360.14082 18 33 1.69727177771066 1.839959645 0
2 2017 347 15299.01327 18 35 1.82520981955821 2.363525398 0
2 2017 348 18840.41374 18 36 2.07681065240982 1.361270957 0
2 2017 349 14877.68612 16 36 2.36443677543904 1.436066064 0
2 2017 350 13646.00826 15 36 2.15348903309223 1.705328451 0
2 2017 351 17597.36584 15 36 1.78929843437562 1.264037317 0
2 2017 352 19776.36164 15 36 2.35842782878581 1.406148021 0
2 2017 353 20865.76069 15 36 2.49809949209289 1.428586554 0
2 2017 354 20729.64675 15 36 2.3744182762205 1.286475849 0
2 2017 355 19913.31873 15 36 2.41488389830012 1.443545575 0
2 2017 356 19507.33717 16 36 2.47670886571437 1.78760307 0
2 2017 357 18557.06177 16 36 2.39132829406786 1.697848941 0
2 2017 358 19654.09688 16 35 1.98379448888735 2.236373715 0
2 2017 359 19115.51602 17 36 1.94811374329554 3.276025709 0
2 2017 360 19124.0256 16 36 1.92677730975499 3.051640387 0
2 2017 361 18450.90092 16 36 1.88240630401744 2.251332736 0
2 2017 362 20648.56245 16 36 1.71702346445019 2.228894204 0
2 2017 363 19294.47458 16 36 1.72576320800456 1.832480134 0
2 2017 364 19171.63199 15 36 1.59023368059682 2.453279527 0
2 2017 365 16584.73814 15 36 1.61307717693209 3.096517451 0
