*---------------------------------------------------------*
*Country: Nig
*Weather station: BENUE
*WMO-station number: 1
*Station longitude: (dd)
*Station latitude:(dd)
*Propagated data for longitude: (dd)
*Propagated data latitude: (dd)
*Elevation: -99.99
*Angstrom values of -0.25 and -0.45 for the Ke,Tz,Ug region
*Source: Combination of NASA power weather and TRMM rainfall
*Comments: NASA power temp. data converted
*using GYGA factors derived GYGA online propagated data
*Comments: differences between the sets were corrected
*on annual basis
*NASA-Power vs GYGA min. temp.: R2=1
* intercept=14.47; slope=0.3469
*NASA-Power vs GYGA max. temp.: R2=1
* intercept=9.297; slope=0.7965
*Columns:
*  ========
*  station number
*  year
*  day
*  average insolation incident on a horizontal surface (kJ m-2 d-1)
*  Propagated minimum temperature (degrees Celsius)
*  Propagated maximum temperature (degrees Celsius)
*  vapour pressure (kPa)
*  mean wind speed (m s-1)
*  TRMM precipitation (mm d-1)
*---------------------------------------------------------*
   0.0 0.0 -99.99 -0.25 -0.45
2 2016 1 14941.28476 16.9 35.1 1.18120995577094 3.605124182 0
2 2016 2 16462.12152 22.5 35 1.29539414080688 4.121210424 0
2 2016 3 15105.73831 22.7 35.8 1.31914647263946 3.709837333 0
2 2016 4 19789.6444 23 34.8 1.39350724926488 3.866907059 0
2 2016 5 17473.95475 19.5 37 1.69827199193408 2.430840994 0
2 2016 6 16117.78032 20.1 38.2 1.76126773940613 2.281250779 0
2 2016 7 15035.16374 17 37.4 1.18430557971913 3.425615924 0
2 2016 8 18363.99142 20.2 37.6 1.8742055201602 1.525820193 0
2 2016 9 17835.75809 23 38 2.19492861441609 2.079303989 0
2 2016 10 17445.47262 23 39.4 2.1579454036979 1.869877688 0
2 2016 11 17332.00733 16.4 37.8 1.1544333713084 1.982070349 0
2 2016 12 15971.54266 15.5 36.8 0.963485754146933 2.341086865 0
2 2016 13 14746.91737 16 36.7 0.990707989458713 2.228894204 0
2 2016 14 18107.41928 16.2 37.8 1.0122000759127 2.38596393 0
2 2016 15 17301.68617 16.1 36.9 1.03966333234699 2.213935182 0
2 2016 16 17191.56154 16.8 35.3 1.32798973172105 1.765164537 0
2 2016 17 19037.42516 20.3 37.2 2.37521827220183 1.548258726 0
2 2016 18 15153.64536 21.2 37.2 1.94992255083224 1.907275242 0
2 2016 19 16302.92964 6 36 0.739386704608985 2.98432479 0
2 2016 20 17456.79138 19.4 37 1.13463183775664 3.455533967 0
2 2016 21 15661.85922 16 36.8 0.931680759826833 2.804816532 0
2 2016 22 16819.86626 18 37 0.909740757862484 2.154099096 0
2 2016 23 17700.33211 14.2 34.3 0.696364091248207 2.722541914 0
2 2016 24 17877.51538 17 34.2 0.744532501305407 3.844468526 0
2 2016 25 18197.55708 14.9 33.3 0.647804526669254 4.734530306 0
2 2016 26 16957.78365 15.2 34 0.776054105577206 3.919263634 0
2 2016 27 18131.56797 16.1 33.4 0.749954780619184 4.47274743 0
2 2016 28 20735.45311 14.4 33.4 0.733505204120376 4.330636725 0
2 2016 29 16638.71752 14.5 34.4 0.664287109152264 4.756968838 0
2 2016 30 21969.21523 23 34.9 0.958987699379399 4.248362107 0
2 2016 31 22160.22014 24 36.2 1.0788146728279 3.171312559 0
2 2016 32 18329.77262 21 37.4 1.10503715630082 2.707582892 0
2 2016 33 20386.04177 21 36.7 1.28464614013283 2.139140075 0
2 2016 34 20864.17293 20.6 38.9 2.05240176547327 2.064344967 0
2 2016 35 19898.91978 22.6 37.4 2.04430874531009 2.0867835 0
2 2016 36 19798.85355 16.4 38.6 0.931034125076376 3.4779725 0
2 2016 37 16069.6736 18.2 37.2 1.00251747251472 3.148874026 0
2 2016 38 17415.80496 18.8 37.2 1.00621746289554 3.500411032 0
2 2016 39 18913.27207 21 36.7 1.17107309652294 2.176537629 0
2 2016 40 19978.73359 21.8 37.4 1.08560125600143 3.261066688 0
2 2016 41 21194.87102 22.2 38.2 0.847666650890539 3.889345591 0
2 2016 42 21535.91153 15.6 36.8 0.686739956465367 3.208710112 0
2 2016 43 21878.15308 19.1 38.5 1.12136229668877 2.109222032 0
2 2016 44 21337.94856 19 37.6 1.11932025936507 1.772644048 0
2 2016 45 18876.86713 21.8 38 1.52045133810954 1.548258726 0
2 2016 46 18771.34264 23 39 2.54729980638424 1.929713774 0
2 2016 47 20887.54048 23.5 39.8 2.61046166139383 1.660451387 0
2 2016 48 19745.7139 26.2 39.1 2.6333192489347 2.131660564 0
2 2016 49 20979.00366 27 39.4 2.76979153547733 2.333607355 0
2 2016 50 22365.73249 23.9 39.3 2.59656813102602 2.378484419 0
2 2016 51 22114.65673 27 39.2 2.12100032607766 1.525820193 0
2 2016 52 21862.04721 24.8 40.4 2.02047102661001 2.004508881 0
2 2016 53 21607.88295 24.5 39.4 1.40676076948096 2.0867835 0
2 2016 54 22403.41779 25.2 37.9 1.16853218282863 2.849693596 0
2 2016 55 21094.81944 25 38.4 1.54173590752812 1.428586554 0
2 2016 56 21589.53568 23 39.6 2.75153341106117 1.428586554 0
2 2016 57 21179.33621 24 39.8 2.71905698496509 1.675410408 0
2 2016 58 20313.19056 26.9 40.4 2.93583086150336 2.595390231 0
2 2016 59 21716.09985 26.2 39 2.74937513114653 3.074078919 0
2 2016 60 22364.10306 26.8 37.4 2.77004470164784 3.096517451 0
2 2016 61 22861.38471 24.2 37.4 2.8093696201433 3.911784123 0
2 2016 62 21989.01589 24.8 37.7 2.76787989217485 3.747234887 0
2 2016 63 22638.0119 26.9 38.7 3.14654733499603 3.597644672 0
2 2016 64 21913.48135 26.9 29.8 2.6972677547958 2.700103381 0
2 2016 65 21950.64483 24.4 34.2 2.77592467404381 2.206455672 0
2 2016 66 19536.10143 25 38.6 3.16679631423487 3.156353537 0
2 2016 67 19874.92627 26 35.4 3.00537995717847 2.715062403 0
2 2016 68 20367.39512 27.3 38.2 3.71209272763174 2.939447725 0
2 2016 69 21167.85223 24.2 37.4 2.91463769919057 3.096517451 0
2 2016 70 22431.37907 24.5 35.8 2.99665140515813 3.08155843 0
2 2016 71 21075.86297 26 37.6 2.94583516998155 3.238628155 0
2 2016 72 20951.01914 25.8 36 3.03448653663771 2.662705828 0
2 2016 73 9234.530236 25.4 33.5 3.24689306157729 2.296209801 11.4
2 2016 74 22244.49095 23 38.6 2.7982653923957 1.376229978 0
2 2016 75 17161.73829 25.5 37.6 2.97347637955005 1.937193285 0
2 2016 76 20128.70571 27.6 36.4 3.30124055762458 2.326127844 0
2 2016 77 20772.94809 26.4 30.6 2.86522274881167 2.707582892 0
2 2016 78 16292.55904 25 37.2 3.50298556685289 2.266291758 2.1
2 2016 79 10871.13479 25.1 34.9 3.02954845195394 1.817521113 6.9
2 2016 80 18817.3571 24.8 37.2 3.45660047801064 2.565472188 0
2 2016 81 20703.91249 24.9 37.4 3.02904039562049 1.877357199 0
2 2016 82 20878.65573 23.4 37.8 3.04755661102146 2.931968215 0
2 2016 83 20273.2466 25 32.4 2.97618564822999 3.133915005 0
2 2016 84 13116.05368 24.8 35.2 3.42966948699491 3.313423263 20.8
2 2016 85 20305.4977 24.4 36.4 3.22521910471928 2.872132129 0
2 2016 86 20163.98402 24.8 34.4 2.59523430341035 2.580431209 0
2 2016 87 16273.09634 24.9 37.2 3.32543313175886 2.318648333 3.7
2 2016 88 19408.81419 26 37 3.1712014743658 2.281250779 0
2 2016 89 21139.1826 24.5 36.3 3.05026106202149 2.296209801 0
2 2016 90 18336.00354 27.5 37.2 3.3709761716665 2.041906435 0
2 2016 91 22879.60323 24.5 36 3.08875770058474 2.475718059 0
2 2016 92 20542.67236 28.3 36.4 3.46408902232971 3.268546198 0
2 2016 93 22583.54617 24.5 38.9 3.32141710824358 2.610349252 0
2 2016 94 19931.01561 26.5 36.8 3.51293555004713 2.348566376 0
2 2016 95 22595.82834 27.3 38.4 3.71255326744277 3.193751091 0
2 2016 96 21192.50265 25 35.2 3.13189117242246 3.388218371 0
2 2016 97 23542.3157 24.6 36.8 3.34544499274459 3.029201854 0
2 2016 98 22137.01137 25.4 38.4 3.59373189753429 3.171312559 0
2 2016 99 13068.53952 27 27.2 2.33648133397771 2.131660564 0
2 2016 100 23076.98653 22.4 30.8 2.58194247172548 2.296209801 38.8
2 2016 101 23388.84889 23.7 35.8 3.29839827237053 2.026947414 0
2 2016 102 22136.87121 22.4 34.5 3.05713662828791 1.959631817 0
2 2016 103 23227.94116 24.5 36.9 3.23061783787811 2.969365768 0
2 2016 104 15728.54484 25.8 35.5 3.5318836098742 2.565472188 0
2 2016 105 20878.03072 24.8 32.6 2.90768613727867 2.58791072 42.8
2 2016 106 20093.2989 22 35.2 2.81808669504949 3.298464241 0
2 2016 107 22739.45962 25.5 35.2 3.15713431331918 2.894570661 0
2 2016 108 14471.07664 24.8 35.8 3.05850259181608 3.096517451 0
2 2016 109 22256.95317 24.5 29.3 2.68671331647325 2.543033656 23.7
2 2016 110 20847.17691 24 36.3 3.45158434484437 1.757685027 10.2
2 2016 111 16481.98894 23.8 34.6 2.84748665101791 1.967111328 0
2 2016 112 20052.16655 24.1 36.4 3.14127002492578 2.131660564 0
2 2016 113 21130.67175 25.7 36.4 3.31912557670607 2.333607355 0
2 2016 114 22207.01996 25 36.1 3.23634898712815 2.827255064 0
2 2016 115 20953.63264 26.7 33.6 3.33046861395895 2.909529682 0
2 2016 116 17995.97916 24.4 37.4 3.39363966124491 2.677664849 0
2 2016 117 21704.27968 24.9 35.5 3.38251183578143 2.744980446 0
2 2016 118 22774.46053 26.4 34.8 3.45287285770342 2.68514436 0
2 2016 119 15335.33975 27 35.4 3.6406524688203 2.460759037 10.9
2 2016 120 17335.35367 23.4 36.3 3.2782777452989 2.184017139 0
2 2016 121 23037.2474 24.8 36.8 3.44497561641604 2.408402462 0
2 2016 122 18546.95024 23.5 37.4 3.50090627475141 2.782378 0
2 2016 123 14372.61947 24.5 33.3 3.28324485937116 2.640267295 31.1
2 2016 124 16981.01033 20.8 31 2.78490628730427 2.049385946 0
2 2016 125 12353.72518 26.7 33.7 3.15632432944254 2.221414693 35.6
2 2016 126 18954.72646 22.3 35 3.17326673608053 2.595390231 0
2 2016 127 22779.02995 24 35.5 3.03907707925999 2.670185338 0
2 2016 128 56968.98347 26.5 33.8 3.17639913297395 2.976845279 29
2 2016 129 17838.14885 21.8 35.5 3.1917159612903 2.931968215 0
2 2016 130 15221.53642 24.5 34.5 2.99032883094217 2.378484419 32.7
2 2016 131 22857.63719 22.9 34.8 3.10816857459649 2.453279527 0
2 2016 132 12753.7406 26.4 34.2 3.33977305872699 2.692623871 27.4
2 2016 133 22666.80718 21 35.2 2.90282331567159 2.782378 3.4
2 2016 134 20817.81145 24 32.8 2.92911671978393 2.520595123 0
2 2016 135 22781.17396 24.3 29 2.81029282140451 2.98432479 0.7
2 2016 136 21240.06327 23.7 32.4 3.4406651261963 3.373259349 8
2 2016 137 20310.20018 23.4 33 3.08840132178045 2.019467903 1.7
2 2016 138 20901.26393 23.5 33.2 3.1200660184194 2.78985751 0
2 2016 139 21491.2846 24.4 34 3.22879943579204 2.124181053 0
2 2016 140 22838.40269 26 33.5 3.35109903097041 2.154099096 0
2 2016 141 19184.42977 23.6 34.5 3.26684106279762 3.014242833 0
2 2016 142 20380.18336 23.5 33.3 3.37558359267135 2.730021424 21.9
2 2016 143 14467.5552 23.6 32.8 3.49988223092307 1.69036943 0
2 2016 144 18536.00317 23.5 33 3.39194162074639 2.206455672 0.8
2 2016 145 20031.63749 25 29.4 2.87508847711283 1.585656279 3.4
2 2016 146 13683.14151 22.5 34 3.1541528594548 1.451025086 1.9
2 2016 147 20303.89702 23.6 32.5 3.04754373617144 1.136885634 0
2 2016 148 21494.06838 25 34 3.51104926572501 2.939447725 0
2 2016 149 19072.23748 24.5 31.3 3.27545284983779 2.438320505 11.7
2 2016 150 18007.42869 22.4 30.9 2.89062681953067 2.258812247 0
2 2016 151 20699.81983 23.7 34.4 3.23952365105755 1.376229978 0
2 2016 152 22037.80855 23.5 34 3.05351364980202 1.151844656 0
2 2016 153 16624.49045 25.3 34 3.45082658630808 0.725512543 0
2 2016 154 16915.02544 23.4 32.4 3.19691112822052 1.443545575 0
2 2016 155 12561.64785 23.5 32.4 3.14857232767691 1.129406124 0
2 2016 156 19143.06314 24.8 34.2 3.09793614169302 1.002254441 0
2 2016 157 17936.56682 23.4 32.7 3.14610840483727 1.810041602 3
2 2016 158 18676.01144 22.6 32.2 3.1279365846056 1.712807962 2.9
2 2016 159 18219.42086 22.9 30.6 3.05383060967378 1.660451387 0
2 2016 160 15223.96389 23.5 34.5 3.46010431095422 1.929713774 1.2
2 2016 161 18055.77304 22.5 32.2 3.35025413926165 2.363525398 0
2 2016 162 14168.31647 25 34.8 3.50286000563914 2.139140075 13.2
2 2016 163 12970.24445 22.7 33.5 3.28568422973594 2.460759037 47.5
2 2016 164 19082.78788 21.8 31.3 3.03964224654665 2.617828763 15
2 2016 165 14902.30546 22 28.6 2.80527752115959 3.276025709 0
2 2016 166 18328.13154 23.9 33.3 3.22827486955113 2.543033656 0.6
2 2016 167 16088.77543 24.3 31 3.28322272375006 3.418136414 32.5
2 2016 168 15490.1521 22.5 30.4 2.82676201455275 2.438320505 0
2 2016 169 15190.23288 24 31.7 2.90920354080479 1.361270957 0
2 2016 170 16678.77193 23.5 33.8 3.05393557727691 1.645492365 0
2 2016 171 16379.81999 23.4 32.5 3.20359884908472 3.575206139 0
2 2016 172 16975.29379 22.8 30.6 3.11457818986622 3.687398801 3.4
2 2016 173 17571.31387 23 32.8 3.0067574864103 0.919979822 0
2 2016 174 16827.07981 23.2 33.4 2.96062131832747 1.009733951 0
2 2016 175 13550.32639 24.5 32.6 3.41874780318276 1.555738236 0
2 2016 176 16532.01186 23.8 32.2 3.38114771059376 2.632787785 0
2 2016 177 16683.30722 23.5 34.5 3.35715839663201 2.363525398 0
2 2016 178 17431.47626 22.9 32.4 3.14063493484495 2.445800016 0
2 2016 179 14900.19088 23.5 31.7 3.29580789956088 2.842214086 1.8
2 2016 180 15351.01197 23.6 30.4 3.01913006087662 2.453279527 0
2 2016 181 17592.89181 23.5 30.5 3.03232181952712 2.184017139 0
2 2016 182 17896.59639 23.5 32.6 3.22003190633664 1.765164537 43.5
2 2016 183 17902.45913 23.1 34.2 3.20663235614075 1.899795731 0
2 2016 184 17012.66462 24.4 33.2 3.41041435783205 1.525820193 18.2
2 2016 185 13582.21841 23.2 32.2 3.17581489070057 1.78760307 0
2 2016 186 19119.26866 24 32 3.25414205036352 2.595390231 12.7
2 2016 187 18828.66278 24 29.4 3.07814627762394 3.597644672 6.3
2 2016 188 14197.93415 23.6 32.5 3.14459202531933 2.640267295 15.2
2 2016 189 18397.75181 21.2 32.4 2.92010642656159 2.281250779 0
2 2016 190 15710.17414 24 32.7 3.21110652044054 2.700103381 0
2 2016 191 15868.4768 24.3 29 3.11206923175668 2.632787785 0
2 2016 192 20978.73426 23.6 28.2 2.96902956115892 2.692623871 11.9
2 2016 193 18739.26805 22.9 31.8 3.21087250387851 2.49067708 1.9
2 2016 194 18600.59039 23.3 29.2 2.92974269948403 2.101742521 0
2 2016 195 13951.03205 23.6 30 3.11708235179966 2.662705828 24.7
2 2016 196 15464.4992 23.4 28.2 2.92825707873906 1.832480134 0.4
2 2016 197 14872.14075 23.3 28.4 3.0328908038805 2.341086865 6.7
2 2016 198 13374.68993 23 30.8 2.98515825215537 2.617828763 7.2
2 2016 199 19115.91258 22.9 31.5 3.09982876836017 2.543033656 0.6
2 2016 200 13845.38961 24.2 28.8 3.07952225815067 1.503381661 42.6
2 2016 201 17935.00694 21.3 32 3.0016973038964 1.720287473 42.8
2 2016 202 19460.80238 23.4 31.2 3.1336363734003 1.48842264 1.5
2 2016 203 14025.78315 23 31.8 3.11735196839165 1.907275242 18.3
2 2016 204 16763.29349 22.6 30.9 3.00745398283566 1.869877688 57.7
2 2016 205 14349.34493 22.4 30.8 3.15168321676768 2.303689312 2.6
2 2016 206 15726.14814 23.5 31.9 3.31584789816187 3.036681365 0
2 2016 207 16497.79907 23.4 30.8 3.05661249570101 2.146619586 0
2 2016 208 18031.44342 23 26.4 2.71083455456448 2.101742521 0
2 2016 209 19568.05026 21.5 32.4 3.21789103665621 1.877357199 28.5
2 2016 210 15621.5632 22.1 28.4 2.79405879481043 1.967111328 0
2 2016 211 18379.07612 23 28 2.87305916765328 2.19149665 7.7
2 2016 212 15339.81228 22.5 31.8 3.10550819153581 2.819775553 1.7
2 2016 213 16573.91998 23.5 31.4 3.0353324660464 2.378484419 0
2 2016 214 19952.0534 20 30 2.69546205982658 2.610349252 29
2 2016 215 33289.95338 23 30 3.15984256887477 2.849693596 0
2 2016 216 17837.38627 23 30 3.0618656381208 2.834734575 0
2 2016 217 16623.31601 22 30 2.89386354844395 2.296209801 0
2 2016 218 15099.60458 22 30 3.02058982998226 2.849693596 0
2 2016 219 14341.36649 22 30 2.99100915949056 3.246107666 0
2 2016 220 16043.11885 22 30 2.92747794672997 3.08903794 0
2 2016 221 15591.83828 20 29 2.60883971967303 2.580431209 0
2 2016 222 17759.65404 20 29 2.60607253552724 2.131660564 42
2 2016 223 16382.88308 20 30 2.78669405809077 2.228894204 0
2 2016 224 15929.75615 21 31 2.98361399186764 1.391189 0
2 2016 225 16093.60928 21 31 3.01319466235934 2.28873029 0
2 2016 226 17649.24407 21 31 2.96075620103314 2.430840994 0
2 2016 227 15337.50283 21 31 2.90999845962124 2.453279527 0
2 2016 228 15809.88265 21 31 2.97252124043325 2.243853226 0
2 2016 229 13337.25822 21 31 2.91167917953554 1.810041602 0
2 2016 230 16755.43458 21 29 2.84276372369064 2.528074634 0
2 2016 231 16297.07621 23 29 3.01991754201654 1.705328451 6
2 2016 232 18012.33651 23 29 2.81789500831753 1.032172484 0
2 2016 233 19262.94066 22 29 2.88317557317318 2.184017139 0
2 2016 234 16159.51638 21 29 2.78574372477552 2.258812247 0
2 2016 235 14141.21654 24 29 3.00439507096475 1.967111328 0
2 2016 236 15701.42017 20 31 2.87958588089193 2.460759037 66
2 2016 237 16639.53068 20 31 2.87012214669588 2.213935182 0
2 2016 238 13837.29455 22 28 2.77022161395974 1.518340683 0
2 2016 239 14774.23093 22 29 2.90732441215618 2.535554145 0
2 2016 240 18051.17749 21 29 2.75406594760045 2.730021424 0
2 2016 241 20081.49275 21 29 2.70338150412034 1.652971876 0
2 2016 242 19614.84309 21 29 2.70591572629435 1.757685027 97
2 2016 243 15243.68855 21 29 2.81520405754834 2.169058118 27
2 2016 244 15554.82122 21 28 2.66110875353802 1.578176769 0
2 2016 245 11491.75452 21 29 2.88774616727924 1.727766984 0
2 2016 246 16800.25267 21 29 2.77750750271 1.907275242 0
2 2016 247 19296.96799 23 30 3.01374269333351 1.997029371 0
2 2016 248 18199.47004 23 31 3.17137008638375 2.139140075 0
2 2016 249 16007.30351 23 31 3.18491837905183 1.742726005 0
2 2016 250 17720.52884 23 31 3.18420531101667 2.333607355 12
2 2016 251 15995.62826 23 31 2.99738148580418 1.19672172 0
2 2016 252 21612.16931 23 31 3.06084454093361 2.041906435 0
2 2016 253 19416.83702 23 31 3.14106469488936 2.632787785 0
2 2016 254 20656.64449 23 31 3.0497919863886 1.69036943 0
2 2016 255 14401.92301 23 31 3.19097945735071 2.251332736 0
2 2016 256 20166.1509 23.5 31 3.18996200596911 2.752459957 0
2 2016 257 18905.68882 22 31 3.04317039338329 2.251332736 0
2 2016 258 14838.64986 21 31 2.87335876548947 1.59313579 0
2 2016 259 11553.79417 21 31 2.84814796677495 1.944672795 0
2 2016 260 19642.69099 22 31 2.99885573919068 1.727766984 0
2 2016 261 19003.7026 21 31 2.97588268026185 1.727766984 0
2 2016 262 18520.10092 20 31 2.85902673419018 1.974590838 0
2 2016 263 20057.35376 20 30 2.78099205819926 2.198976161 0
2 2016 264 17552.05205 20 31 2.86620611875269 1.997029371 76
2 2016 265 13031.52703 20 31 2.79147525217016 1.49590215 12
2 2016 266 19375.37427 20 31 2.96737017395175 1.907275242 0
2 2016 267 21058.18625 20 31 2.82867751763046 1.802562091 0
2 2016 268 18401.64623 20 30 2.94856749945537 2.415881973 0
2 2016 269 17760.08759 20 30 2.85163350129966 2.176537629 0
2 2016 270 15110.16452 20 30 2.78447661368852 2.221414693 22
2 2016 271 14780.39447 21 30 2.83096186726399 1.421107043 0
2 2016 272 16609.19272 22 30 2.89016596463248 1.331352914 0
2 2016 273 21821.07958 22 30 2.75671680343696 1.069570037 0
2 2016 274 21174.53827 22 30 3.03067414946807 1.997029371 0
2 2016 275 20528.60923 22 30 2.9627730649303 2.0867835 0
2 2016 276 17428.63976 22 31 3.00370265449299 1.914754752 0
2 2016 277 18013.26727 22 31 2.93307617437352 1.667930898 0
2 2016 278 18901.50424 21 30 2.87240649632941 1.458504597 0
2 2016 279 15202.91732 24 33 3.50068502625422 2.041906435 0
2 2016 280 18074.42715 22 32 3.13357748052015 1.638012855 0
2 2016 281 18956.36093 24 30 3.33715840455895 1.451025086 0
2 2016 282 18313.91639 22 30 3.03269101336523 1.009733951 30
2 2016 283 18280.16116 22 30 2.99302602338772 1.346311935 0
2 2016 284 13242.9635 20 30 2.79778128010205 1.48842264 0
2 2016 285 20027.08757 20 30 2.80950205765682 1.623053833 154
2 2016 286 18779.80961 21 30 2.83226720991172 1.548258726 0
2 2016 287 18893.62658 21 29 2.88014350075723 1.241598785 0
2 2016 288 15091.72657 21 32 3.11241204055924 1.480943129 0
2 2016 289 19569.06635 21 32 2.98154532739669 1.413627532 0
2 2016 290 19829.04159 21 31 3.02832114158805 1.877357199 0
2 2016 291 15145.94706 21 31 2.8545347024493 1.48842264 7
2 2016 292 14066.96517 21 31 3.03067414946807 1.89231622 0
2 2016 293 19108.0034 23 31 3.117533449729 1.937193285 0
2 2016 294 14898.0365 23 31 3.05050505442376 1.406148021 32
2 2016 295 18728.50242 21 31 2.96747908069034 1.017213462 0
2 2016 296 22246.98549 24 31 3.12792221831653 1.278996339 0
2 2016 297 21754.71195 25 31 3.25905595983672 1.249078296 0
2 2016 298 19048.18794 22 32 2.78702641543134 1.301434871 0
2 2016 299 17236.73236 22 32 2.53032192277296 1.069570037 0
2 2016 300 17786.32622 22 31 2.79493908825748 1.391189 0
2 2016 301 19948.53921 23 31 2.8066357863983 1.301434871 0
2 2016 302 21076.04334 22 32 2.73818125502273 1.264037317 0
2 2016 303 18250.68649 22 32 2.8914908825826 1.09200857 0
2 2016 304 20106.34422 22 32 3.05300079254683 1.346311935 0
2 2016 305 19769.92273 22 28 2.42525062052324 0.747951075 17
2 2016 306 16819.01774 21 28 2.55195871223172 1.211680742 0
2 2016 307 17795.87035 21 28 2.61191436872391 1.525820193 0
2 2016 308 16597.85523 23 28 2.70010126682908 1.810041602 0
2 2016 309 17426.7967 24 28 2.41821981269668 1.383709489 0
2 2016 310 18252.43342 23 28 2.10519135512623 1.032172484 0
2 2016 311 17492.61737 24 28 2.48511246528588 1.623053833 0
2 2016 312 19463.42627 23 29 2.32241877758151 0.718033032 0
2 2016 313 18418.10407 21 29 2.47910284172086 1.436066064 0
2 2016 314 16805.34576 21 29 2.28903617867045 2.198976161 0
2 2016 315 20764.04147 21 30 2.38029231813528 1.705328451 0
2 2016 316 17017.56574 17 30 1.86645913621713 0.964856887 0
2 2016 317 18829.09475 17 30 2.00718193178051 1.129406124 0
2 2016 318 20634.0391 17 27 1.86767299417755 1.480943129 0
2 2016 319 17760.23929 18 27 1.8493111910818 0.89754129 0
2 2016 320 20126.62167 18 29 1.84705908003864 1.114447102 0
2 2016 321 18535.08555 21 29 2.00393618409483 0.912500312 0
2 2016 322 20470.05874 21 29 2.37995139916289 1.226639763 0
2 2016 323 19025.43923 23 35 2.98783492190409 0.882582269 0
2 2016 324 18568.73223 24 33 3.0590134494647 0.718033032 0
2 2016 325 18534.49271 23 33 2.91357032456755 1.144365145 0
2 2016 326 19200.26314 23 35 3.37398224255237 1.630533344 0
2 2016 327 18747.76203 23 35 3.30308174903085 1.49590215 0
2 2016 328 18576.2882 23 35 3.46571225959434 1.480943129 6
2 2016 329 16736.15417 23 35 3.12723250238708 1.301434871 0
2 2016 330 19349.13003 23 35 3.00746274214451 1.451025086 0
2 2016 331 16543.77115 23 35 2.73347439429863 0.837705204 0
2 2016 332 18596.95444 23 35 2.78835217741981 0.620799392 0
2 2016 333 19261.68861 23 35 2.84443166382101 1.226639763 0
2 2016 334 17852.78653 24 35 3.18657817928471 1.518340683 0
2 2016 335 19070.8556 24 35 3.01960131777478 1.241598785 0
2 2016 336 18770.62433 24 36 2.88698146597963 1.600615301 0
2 2016 337 16406.74817 23 35 2.38658271413119 1.638012855 0
2 2016 338 10748.02431 18 35 2.17314909661739 2.101742521 0
2 2016 339 17880.61503 18 35 2.44249910413187 1.997029371 0
2 2016 340 9488.400728 18 35 2.49616138069323 1.458504597 0
2 2016 341 19764.51876 18 35 2.05682312936179 1.398668511 0
2 2016 342 18513.33095 18 35 2.38606716168346 1.084529059 0
2 2016 343 19456.16709 18 35 2.74439268581904 1.600615301 0
2 2016 344 16431.01851 18 35 2.63672192446042 1.084529059 0
2 2016 345 17786.62803 18 35 2.71773465165629 0.957377376 0
2 2016 346 19278.41985 18 35 2.51970354073306 1.106967591 0
2 2016 347 18584.61505 18 35 2.24169832732159 0.703074011 0
2 2016 348 19257.96606 18 35 2.28324331562717 1.084529059 0
2 2016 349 7923.49764 18 35 1.95573032448489 1.264037317 0
2 2016 350 15696.18495 18 35 2.20119196372366 0.628278903 0
2 2016 351 17191.90691 18 35 2.17176426367388 1.436066064 0
2 2016 352 17733.72006 18 35 1.4691274710205 1.750205516 0
2 2016 353 17731.30635 18 35 1.88129555377074 1.106967591 0
2 2016 354 19093.48215 18 35 1.92976470679391 1.78760307 0
2 2016 355 17457.71397 18 36 2.09998536355259 1.615574322 0
2 2016 356 17322.8348 15 36 1.73643205714256 1.98954986 0
2 2016 357 15280.13714 15 36 1.69041872881008 1.249078296 0
2 2016 358 18693.45238 15 36 1.75242250457725 2.371004908 0
2 2016 359 7921.186655 15 36 1.84640717521379 1.720287473 0
2 2016 360 18706.08504 14 36 1.63045519120077 2.961886258 0
2 2016 361 20489.36537 14 36 1.80278229903315 3.305943752 0
2 2016 362 20363.30215 14 36 0.68338805371191 3.208710112 0
2 2016 363 19281.8098 14 36 1.7812414105541 3.08155843 0
2 2016 364 16422.52638 14 36 1.82210574310994 3.261066688 0
2 2016 365 17118.84406 14 36 1.70553152310569 2.759939467 0
2 2016 366 14667.37587 14 36 1.6668846349521 2.700103381 0
