*---------------------------------------------------------*
*Country: Nig
*Weather station: OGOJA CRS
*WMO-station number: 1
*Station longitude: ...(dd)
*Station latitude: ...(dd)
*Propagated data for longitude: ...(dd)
*Propagated data latitude: ...(dd)
*Elevation: -99.99
*Angstrom values of -0.25 and -0.45 for the Ke,Tz,Ug region
*Source: Combination of NASA power weather and TRMM rainfall
*Comments: NASA power temp. data converted
*using GYGA factors derived GYGA online propagated data
*Comments: differences between the sets were corrected
*on annual basis
*NASA-Power vs GYGA min. temp.: R2=1
* intercept=14.47; slope=0.3469
*NASA-Power vs GYGA max. temp.: R2=1
* intercept=9.297; slope=0.7965
*Columns:
*  ========
*  station number
*  year
*  day
*  average insolation incident on a horizontal surface (kJ m-2 d-1)
*  Propagated minimum temperature (degrees Celsius)
*  Propagated maximum temperature (degrees Celsius)
*  vapour pressure (kPa)
*  mean wind speed (m s-1)
*  TRMM precipitation (mm d-1)
*---------------------------------------------------------*
   0.0 0.0 -99.99 -0.25 -0.45
3 2016 1 14941.28476 16.9 35.1 1.56172494436875 3.537808586 0
3 2016 2 16462.12152 22.5 35 1.81694722218631 3.88186608 0
3 2016 3 15105.73831 22.7 35.8 1.85192559328959 3.889345591 0
3 2016 4 19789.6444 23 34.8 1.94071472582674 3.687398801 0
3 2016 5 17473.95475 19.5 37 2.31844042259294 1.503381661 0
3 2016 6 16117.78032 20.1 38.2 2.18067492304998 1.750205516 0
3 2016 7 15035.16374 17 37.4 1.65831640267098 2.752459957 0
3 2016 8 18363.99142 20.2 37.6 2.60182419532651 1.316393892 0
3 2016 9 17835.75809 23 38 2.53244200589085 1.682889919 0
3 2016 10 17445.47262 23 39.4 2.42740457918598 1.465984107 0
3 2016 11 17332.00733 16.4 37.8 1.41551678053876 1.608094812 0
3 2016 12 15971.54266 15.5 36.8 1.35518798788143 1.473463618 0
3 2016 13 14746.91737 16 36.7 1.3108779077701 1.959631817 0
3 2016 14 18107.41928 16.2 37.8 1.42649260434192 2.393443441 0
3 2016 15 17301.68617 16.1 36.9 1.51604586491757 1.480943129 0
3 2016 16 17191.56154 16.8 35.3 1.90348566268014 1.331352914 0
3 2016 17 19037.42516 20.3 37.2 2.89440245237893 1.29395536 0
3 2016 18 15153.64536 21.2 37.2 2.2469494065596 1.697848941 0
3 2016 19 16302.92964 6 36 1.01544430370618 3.021722344 0
3 2016 20 17456.79138 19.4 37 1.57517645423646 2.909529682 0
3 2016 21 15661.85922 16 36.8 1.33780683910118 2.445800016 0
3 2016 22 16819.86626 18 37 1.33670948320311 1.697848941 0
3 2016 23 17700.33211 14.2 34.3 1.01259032494248 2.393443441 0
3 2016 24 17877.51538 17 34.2 1.19361559733089 3.605124182 0
3 2016 25 18197.55708 14.9 33.3 1.00352666017392 4.592419602 0
3 2016 26 16957.78365 15.2 34 1.2282625959534 3.433095435 0
3 2016 27 18131.56797 16.1 33.4 1.15380059257142 4.285759661 0
3 2016 28 20735.45311 14.4 33.4 1.16002379834808 3.829509505 0
3 2016 29 16638.71752 14.5 34.4 1.08916109774711 4.360554768 0
3 2016 30 21969.21523 23 34.9 1.5397324369461 3.724796354 0
3 2016 31 22160.22014 24 36.2 1.70485151026403 2.857173107 0
3 2016 32 18329.77262 21 37.4 1.61845192602327 2.109222032 0
3 2016 33 20386.04177 21 36.7 1.96489307615989 1.765164537 0
3 2016 34 20864.17293 20.6 38.9 2.91861820246025 2.198976161 0
3 2016 35 19898.91978 22.6 37.4 2.588269685843 1.765164537 0
3 2016 36 19798.85355 16.4 38.6 1.41233764951452 3.051640387 0
3 2016 37 16069.6736 18.2 37.2 1.60945098495972 2.303689312 0
3 2016 38 17415.80496 18.8 37.2 1.47303886284895 2.834734575 0
3 2016 39 18913.27207 21 36.7 1.74767470254237 1.675410408 0
3 2016 40 19978.73359 21.8 37.4 1.61844984804186 3.365779838 0
3 2016 41 21194.87102 22.2 38.2 1.36098782277159 4.023976784 0
3 2016 42 21535.91153 15.6 36.8 1.12245758114696 2.834734575 0
3 2016 43 21878.15308 19.1 38.5 1.71134457849183 1.652971876 0
3 2016 44 21337.94856 19 37.6 1.54666211783744 1.585656279 0
3 2016 45 18876.86713 21.8 38 2.06383128358264 1.331352914 0
3 2016 46 18771.34264 23 39 3.10797531932384 1.929713774 0
3 2016 47 20887.54048 23.5 39.8 3.27752784665358 1.877357199 0
3 2016 48 19745.7139 26.2 39.1 3.32827089189199 1.967111328 0
3 2016 49 20979.00366 27 39.4 3.54044978639527 2.49067708 0
3 2016 50 22365.73249 23.9 39.3 3.18365469555984 2.011988392 0
3 2016 51 22114.65673 27 39.2 2.74470492947708 1.264037317 0
3 2016 52 21862.04721 24.8 40.4 3.04939638874928 1.510861172 0
3 2016 53 21607.88295 24.5 39.4 2.40149757243716 1.510861172 0
3 2016 54 22403.41779 25.2 37.9 1.89718453959444 2.041906435 0
3 2016 55 21094.81944 25 38.4 2.59823170832059 1.323873403 0
3 2016 56 21589.53568 23 39.6 3.48637242866395 1.59313579 0
3 2016 57 21179.33621 24 39.8 3.5067372035274 1.742726005 0
3 2016 58 20313.19056 26.9 40.4 3.62910008945965 2.460759037 0
3 2016 59 21716.09985 26.2 39 3.42516071794355 2.707582892 0
3 2016 60 22364.10306 26.8 37.4 3.46291450532257 2.827255064 0
3 2016 61 22861.38471 24.2 37.4 3.44675229285565 3.343341306 0
3 2016 62 21989.01589 24.8 37.7 3.43911582914778 3.238628155 0
3 2016 63 22638.0119 26.9 38.7 3.77277292695935 2.976845279 0
3 2016 64 21913.48135 26.9 29.8 3.13742543617767 2.266291758 0
3 2016 65 21950.64483 24.4 34.2 3.24177137826229 1.952152306 0
3 2016 66 19536.10143 25 38.6 3.73941476891689 2.737500935 0
3 2016 67 19874.92627 26 35.4 3.38121806791453 2.430840994 0
3 2016 68 20367.39512 27.3 38.2 4.10244774856255 2.535554145 0
3 2016 69 21167.85223 24.2 37.4 3.59732562111314 2.692623871 0
3 2016 70 22431.37907 24.5 35.8 3.47769056245572 2.647746806 0
3 2016 71 21075.86297 26 37.6 3.54290038955968 2.812296043 0
3 2016 72 20951.01914 25.8 36 3.46377279627393 2.378484419 0
3 2016 73 9234.530236 25.4 33.5 3.44874473202987 2.326127844 11.4
3 2016 74 22244.49095 23 38.6 3.15537735675858 1.286475849 0
3 2016 75 17161.73829 25.5 37.6 3.45599998221748 1.675410408 0
3 2016 76 20128.70571 27.6 36.4 3.77101236677524 2.303689312 0
3 2016 77 20772.94809 26.4 30.6 3.19287690533747 2.572951699 0
3 2016 78 16292.55904 25 37.2 3.89471631449399 2.251332736 2.1
3 2016 79 10871.13479 25.1 34.9 3.33038176461995 1.757685027 6.9
3 2016 80 18817.3571 24.8 37.2 3.81780489500057 2.146619586 0
3 2016 81 20703.91249 24.9 37.4 3.396512611155 1.884836709 0
3 2016 82 20878.65573 23.4 37.8 3.41071645501494 2.617828763 0
3 2016 83 20273.2466 25 32.4 3.25372677018795 2.827255064 0
3 2016 84 13116.05368 24.8 35.2 3.67449434088531 3.096517451 20.8
3 2016 85 20305.4977 24.4 36.4 3.68280167792888 2.513115613 0
3 2016 86 20163.98402 24.8 34.4 3.32066266541614 2.378484419 0
3 2016 87 16273.09634 24.9 37.2 3.79444490389827 2.131660564 3.7
3 2016 88 19408.81419 26 37 3.70828588089736 2.071824478 0
3 2016 89 21139.1826 24.5 36.3 3.47919045702252 2.034426924 0
3 2016 90 18336.00354 27.5 37.2 3.84963441960706 1.89231622 0
3 2016 91 22879.60323 24.5 36 3.47313069760566 2.273771269 0
3 2016 92 20542.67236 28.3 36.4 3.92237883418769 2.78985751 0
3 2016 93 22583.54617 24.5 38.9 3.71923919960393 2.415881973 0
3 2016 94 19931.01561 26.5 36.8 3.90823403020105 2.101742521 0
3 2016 95 22595.82834 27.3 38.4 4.23230074892542 2.730021424 0
3 2016 96 21192.50265 25 35.2 3.53132571900748 3.006763322 0
3 2016 97 23542.3157 24.6 36.8 3.78576296736721 2.617828763 0
3 2016 98 22137.01137 25.4 38.4 3.89443094855807 2.78985751 0
3 2016 99 13068.53952 27 27.2 2.60796504385049 1.914754752 0
3 2016 100 23076.98653 22.4 30.8 2.88735972930617 2.228894204 38.8
3 2016 101 23388.84889 23.7 35.8 3.49163438723677 2.221414693 0
3 2016 102 22136.87121 22.4 34.5 3.31438774956661 2.333607355 0
3 2016 103 23227.94116 24.5 36.9 3.59453159022419 2.617828763 0
3 2016 104 15728.54484 25.8 35.5 3.71508355771805 2.258812247 0
3 2016 105 20878.03072 24.8 32.6 3.28403977216066 2.513115613 42.8
3 2016 106 20093.2989 22 35.2 3.2384512937277 2.68514436 0
3 2016 107 22739.45962 25.5 35.2 3.55453583527544 2.468238548 0
3 2016 108 14471.07664 24.8 35.8 3.41099737754436 2.722541914 0
3 2016 109 22256.95317 24.5 29.3 2.97452482214294 2.243853226 23.7
3 2016 110 20847.17691 24 36.3 3.56585254324158 1.398668511 10.2
3 2016 111 16481.98894 23.8 34.6 3.27864159575721 1.608094812 0
3 2016 112 20052.16655 24.1 36.4 3.55534261522156 1.967111328 0
3 2016 113 21130.67175 25.7 36.4 3.83093861527511 2.131660564 0
3 2016 114 22207.01996 25 36.1 3.7350909024764 2.408402462 0
3 2016 115 20953.63264 26.7 33.6 3.70151928066448 2.520595123 0
3 2016 116 17995.97916 24.4 37.4 3.85687571872957 2.348566376 0
3 2016 117 21704.27968 24.9 35.5 3.65505275897915 2.423361484 0
3 2016 118 22774.46053 26.4 34.8 3.6904417520208 2.505636102 0
3 2016 119 15335.33975 27 35.4 3.704722862992 2.049385946 10.9
3 2016 120 17335.35367 23.4 36.3 3.45411761409589 2.146619586 0
3 2016 121 23037.2474 24.8 36.8 3.74390142738149 2.341086865 0
3 2016 122 18546.95024 23.5 37.4 3.78521068930342 2.378484419 0
3 2016 123 14372.61947 24.5 33.3 3.46126650567621 2.430840994 31.1
3 2016 124 16981.01033 20.8 31 2.91255617952292 2.019467903 0
3 2016 125 12353.72518 26.7 33.7 3.43358643398699 2.213935182 35.6
3 2016 126 18954.72646 22.3 35 3.39151714494505 2.318648333 0
3 2016 127 22779.02995 24 35.5 3.41174672935917 2.400922951 0
3 2016 128 20308.59 26.5 33.8 3.50679257553066 2.834734575 29
3 2016 129 17838.14885 21.8 35.5 3.41153651698118 2.58791072 0
3 2016 130 15221.53642 24.5 34.5 3.38076608489257 2.101742521 32.7
3 2016 131 22857.63719 22.9 34.8 3.38733588109212 2.258812247 0
3 2016 132 12753.7406 26.4 34.2 3.65575003675312 2.505636102 27.4
3 2016 133 22666.80718 21 35.2 3.255648467858 2.438320505 3.4
3 2016 134 20817.81145 24 32.8 3.32606213709978 2.415881973 0
3 2016 135 22781.17396 24.3 29 3.04465852898125 2.557992677 0.7
3 2016 136 21240.06327 23.7 32.4 3.47137181143449 2.617828763 8
3 2016 137 20310.20018 23.4 33 3.2191880047979 1.765164537 1.7
3 2016 138 20901.26393 23.5 33.2 3.25469794725575 2.580431209 0
3 2016 139 21491.2846 24.4 34 3.4087174766419 2.011988392 0
3 2016 140 22838.40269 26 33.5 3.60372806425874 2.146619586 0
3 2016 141 19184.42977 23.6 34.5 3.4713199242049 2.834734575 0
3 2016 142 20380.18336 23.5 33.3 3.53188568681911 2.445800016 21.9
3 2016 143 14467.5552 23.6 32.8 3.54080087151625 1.563217747 0
3 2016 144 18536.00317 23.5 33 3.44256761508589 2.034426924 0.8
3 2016 145 20031.63749 25 29.4 2.91080162130784 1.645492365 3.4
3 2016 146 13683.14151 22.5 34 3.34476739874822 1.219160253 1.9
3 2016 147 20303.89702 23.6 32.5 3.20562630091625 1.413627532 0
3 2016 148 21494.06838 25 34 3.73904483218179 2.819775553 0
3 2016 149 19072.23748 24.5 31.3 3.41449800294013 2.273771269 11.7
3 2016 150 18007.42869 22.4 30.9 3.09565315387872 2.213935182 0
3 2016 151 20699.81983 23.7 34.4 3.3307155990722 1.121926613 0
3 2016 152 22037.80855 23.5 34 3.16919499184909 1.129406124 0
3 2016 153 16624.49045 25.3 34 3.5701791086352 0.80030765 0
3 2016 154 16915.02544 23.4 32.4 3.29950390334738 1.473463618 0
3 2016 155 12561.64785 23.5 32.4 3.32872765119015 1.473463618 0
3 2016 156 19143.06314 24.8 34.2 3.29789608695801 1.054611016 0
3 2016 157 17936.56682 23.4 32.7 3.24429397862361 1.525820193 3
3 2016 158 18676.01144 22.6 32.2 3.30495516611479 1.727766984 2.9
3 2016 159 18219.42086 22.9 30.6 3.21333809895034 1.78760307 0
3 2016 160 15223.96389 23.5 34.5 3.55624057335628 1.832480134 1.2
3 2016 161 18055.77304 22.5 32.2 3.43140845960223 2.296209801 0
3 2016 162 14168.31647 25 34.8 3.69354924116232 1.952152306 13.2
3 2016 163 12970.24445 22.7 33.5 3.50239795467802 2.468238548 47.5
3 2016 164 19082.78788 21.8 31.3 3.13374129256152 2.498156591 15
3 2016 165 14902.30546 22 28.6 2.87428883160081 2.946927236 0
3 2016 166 18328.13154 23.9 33.3 3.34686935130113 2.48319757 0.6
3 2016 167 16088.77543 24.3 31 3.37433076549202 3.253587177 32.5
3 2016 168 15490.1521 22.5 30.4 2.89994232314784 2.595390231 0
3 2016 169 15190.23288 24 31.7 3.05046703061461 1.09948808 0
3 2016 170 16678.77193 23.5 33.8 3.17051897913439 1.548258726 0
3 2016 171 16379.81999 23.4 32.5 3.29405340482359 3.492931521 0
3 2016 172 16975.29379 22.8 30.6 3.17973526368414 3.507890543 3.4
3 2016 173 17571.31387 23 32.8 3.01239445207661 0.770389607 0
3 2016 174 16827.07981 23.2 33.4 2.91407913572156 0.949897865 0
3 2016 175 13550.32639 24.5 32.6 3.45621353253271 1.480943129 0
3 2016 176 16532.01186 23.8 32.2 3.46052624823766 2.468238548 0
3 2016 177 16683.30722 23.5 34.5 3.47492531807454 2.228894204 0
3 2016 178 17431.47626 22.9 32.4 3.23322440815996 2.445800016 0
3 2016 179 14900.19088 23.5 31.7 3.29137656120853 2.857173107 1.8
3 2016 180 15351.01197 23.6 30.4 3.08972379635768 2.09426301 0
3 2016 181 17592.89181 23.5 30.5 3.11895958579933 2.011988392 0
3 2016 182 17896.59639 23.5 32.6 3.32883213674853 1.555738236 43.5
3 2016 183 17902.45913 23.1 34.2 3.40918129674164 1.929713774 0
3 2016 184 17012.66462 24.4 33.2 3.54424926471087 1.720287473 18.2
3 2016 185 13582.21841 23.2 32.2 3.33887719912368 1.697848941 0
3 2016 186 19119.26866 24 32 3.40269331366854 2.557992677 12.7
3 2016 187 18828.66278 24 29.4 3.11948248574499 3.358300328 6.3
3 2016 188 14197.93415 23.6 32.5 3.25490863524916 2.423361484 15.2
3 2016 189 18397.75181 21.2 32.4 3.00714230050399 2.341086865 0
3 2016 190 15710.17414 24 32.7 3.36849857478217 2.842214086 0
3 2016 191 15868.4768 24.3 29 3.14874344829253 2.513115613 0
3 2016 192 20978.73426 23.6 28.2 3.01414143406342 2.759939467 11.9
3 2016 193 18739.26805 22.9 31.8 3.25963788022666 2.303689312 1.9
3 2016 194 18600.59039 23.3 29.2 3.02492181140253 1.907275242 0
3 2016 195 13951.03205 23.6 30 3.17733795683671 2.647746806 24.7
3 2016 196 15464.4992 23.4 28.2 2.95051382567899 1.959631817 0.4
3 2016 197 14872.14075 23.3 28.4 3.07853576050268 2.767418978 6.7
3 2016 198 13374.68993 23 30.8 3.08972031394424 2.356045887 7.2
3 2016 199 19115.91258 22.9 31.5 3.24628873344271 2.071824478 0.6
3 2016 200 13845.38961 24.2 28.8 3.12626036999444 1.480943129 42.6
3 2016 201 17935.00694 21.3 32 3.07644284997899 1.615574322 42.8
3 2016 202 19460.80238 23.4 31.2 3.2512021660105 1.563217747 1.5
3 2016 203 14025.78315 23 31.8 3.25604693947101 2.011988392 18.3
3 2016 204 16763.29349 22.6 30.9 3.05804666665906 1.862398177 57.7
3 2016 205 14349.34493 22.4 30.8 3.22028891772936 2.797337021 2.6
3 2016 206 15726.14814 23.5 31.9 3.32773398898087 2.909529682 0
3 2016 207 16497.79907 23.4 30.8 3.15631192944556 2.146619586 0
3 2016 208 18031.44342 23 26.4 2.7649765670179 2.09426301 0
3 2016 209 19568.05026 21.5 32.4 3.25521743511499 1.735246494 28.5
3 2016 210 15621.5632 22.1 28.4 2.83392798820013 1.869877688 0
3 2016 211 18379.07612 23 28 2.9366946217301 2.154099096 7.7
3 2016 212 15339.81228 22.5 31.8 3.20873738437468 3.044160876 1.7
3 2016 213 16573.91998 23.5 31.4 3.12757845994941 2.38596393 0
3 2016 214 19952.0534 23.5 30.3 3.08688473260759 2.804816532 1.3
3 2016 215 17977.04653 24.4 27.7 3.11516250853072 3.156353537 31.5
3 2016 216 17837.38627 23.4 30.4 3.18116781205111 2.797337021 0
3 2016 217 16623.31601 22.8 25.2 2.63121843136459 2.371004908 1.7
3 2016 218 15099.60458 21.5 29.3 3.01566166459231 3.074078919 59.3
3 2016 219 14341.36649 21.5 32.5 3.2362592775835 3.290984731 0
3 2016 220 16043.11885 23.2 31.2 3.19289938656533 3.343341306 0
3 2016 221 15591.83828 22.8 30.7 3.04785786227796 2.722541914 0
3 2016 222 17759.65404 23.1 29.6 2.9899683796861 2.243853226 0
3 2016 223 16382.88308 24 31.4 3.36859242617117 2.348566376 0
3 2016 224 15929.75615 23 32.4 3.41167950539003 2.056865457 15.8
3 2016 225 16093.60928 23.5 31.6 3.32964381817661 2.371004908 0
3 2016 226 17649.24407 24.5 31.8 3.39858890086162 2.617828763 7.9
3 2016 227 15337.50283 23.3 32 3.28025986060398 2.715062403 7.8
3 2016 228 15809.88265 23.5 31.9 3.33813431844749 2.09426301 33
3 2016 229 13337.25822 23.6 32.5 3.40313473312738 1.667930898 0
3 2016 230 16755.43458 25 31.4 3.50753057495918 2.348566376 1.3
3 2016 231 16297.07621 23.2 27.6 3.00787596322073 1.832480134 2.8
3 2016 232 18012.33651 22 32.8 3.11224215366767 0.890061779 20.6
3 2016 233 19262.94066 23 32.4 3.40350781795197 2.460759037 0.7
3 2016 234 16159.51638 23 30 3.10652650054929 2.38596393 0.4
3 2016 235 14141.21654 24.8 31.7 3.45752529523165 1.997029371 10.5
3 2016 236 15701.42017 23 29.4 3.09424139869512 2.528074634 4.1
3 2016 237 16639.53068 22.5 31.8 3.26161087338971 2.393443441 1.9
3 2016 238 13837.29455 24.2 29.4 3.24675523281507 1.667930898 35.1
3 2016 239 14774.23093 23.9 32 3.40259887171022 2.333607355 54.3
3 2016 240 18051.17749 23.4 30.8 3.1760366375605 2.842214086 31.6
3 2016 241 20081.49275 23.3 31.8 3.23170228819375 1.548258726 3.2
3 2016 242 19614.84309 23.4 30 3.08410149404816 1.548258726 2.1
3 2016 243 15243.68855 24.4 32 3.48688004606168 2.228894204 0
3 2016 244 15554.82122 24.2 31.2 3.34630600588555 1.608094812 6.2
3 2016 245 11491.75452 24 32.2 3.53167331752107 1.735246494 5.7
3 2016 246 16800.25267 22.8 32.2 3.28872385348351 1.967111328 26.9
3 2016 247 19296.96799 23 31.2 3.17747116178704 1.944672795 11.4
3 2016 248 18199.47004 22.7 32 3.40920929574225 2.146619586 0
3 2016 249 16007.30351 23.4 31.2 3.38654797046607 2.101742521 15.7
3 2016 250 17720.52884 24 31.8 3.45733894200409 2.296209801 0
3 2016 251 15995.62826 24 31.4 3.23747398682412 1.421107043 0
3 2016 252 21612.16931 24.4 31.8 3.42977984684655 2.139140075 10.3
3 2016 253 19416.83702 24.3 31.7 3.42461690977971 2.617828763 0
3 2016 254 20656.64449 23.5 32.4 3.36000985171651 1.922234263 0
3 2016 255 14401.92301 24.4 32.4 3.56051527832143 2.326127844 0
3 2016 256 20166.1509 23.5 32 3.44027332869273 2.602869742 0.9
3 2016 257 18905.68882 23.4 32 3.3552205739998 2.647746806 1.5
3 2016 258 14838.64986 23.5 30.7 3.07848899015575 1.525820193 0
3 2016 259 11553.79417 24 28.8 3.10824120502258 1.907275242 0
3 2016 260 19642.69099 24.2 31.6 3.38105200665335 1.967111328 13.8
3 2016 261 19003.7026 21.3 31.8 3.21672901210969 2.266291758 0
3 2016 262 18520.10092 24 30.3 3.23679270507653 1.937193285 0
3 2016 263 20057.35376 23.4 32 3.32959119067134 2.184017139 2.9
3 2016 264 17552.05205 22.5 27.7 2.8552794029357 2.19149665 14.8
3 2016 265 13031.52703 23.5 32.6 3.45052159306288 1.712807962 3.4
3 2016 266 19375.37427 23 26.8 2.94710949200113 2.004508881 1.2
3 2016 267 21058.18625 24.2 30.2 3.21887258234352 2.176537629 24.6
3 2016 268 18401.64623 21.5 32.4 3.25343998756933 2.640267295 39.6
3 2016 269 17760.08759 22.5 30 3.18218908951875 2.079303989 47.6
3 2016 270 15110.16452 20.6 32.5 3.12054659238231 2.356045887 0.3
3 2016 271 14780.39447 23.3 32.8 3.41905671806571 1.757685027 0.9
3 2016 272 16609.19272 24 33.3 3.38288133740005 1.234119274 2.5
3 2016 273 21821.07958 24.3 30.6 3.12757845994941 0.972336398 0.6
3 2016 274 21174.53827 24 31.2 3.29617717775691 2.19149665 31.2
3 2016 275 20528.60923 23.2 32.5 3.37046443193446 1.89231622 0
3 2016 276 17428.63976 23.7 32.8 3.53154663544016 2.101742521 0
3 2016 277 18013.26727 22.8 31 3.09929040095542 1.727766984 0
3 2016 278 18901.50424 23.5 33 3.55033961818739 1.413627532 0
3 2016 279 15202.91732 22.5 32.8 3.3772936286381 2.266291758 0
3 2016 280 18074.42715 23.5 29.6 3.15735286130326 1.473463618 0
3 2016 281 18956.36093 23 32.6 3.53513088094447 1.884836709 48.3
3 2016 282 18313.91639 21.8 31.8 3.22490817133965 1.839959645 15.9
3 2016 283 18280.16116 22.7 32 3.18867334001853 1.398668511 58.4
3 2016 284 13242.9635 21.9 31.2 3.10353237373018 1.847439156 37.8
3 2016 285 20027.08757 22 31.3 3.17808282152121 2.056865457 57.7
3 2016 286 18779.80961 21.5 30.7 3.05945616735835 1.48842264 26.4
3 2016 287 18893.62658 23.4 31.5 3.41053938569155 1.600615301 0.6
3 2016 288 15091.72657 23 32.7 3.46114285244898 1.353791446 0
3 2016 289 19569.06635 24.6 31.7 3.38257400870004 1.286475849 4.7
3 2016 290 19829.04159 23.5 32.5 3.49870354491402 1.712807962 7.2
3 2016 291 15145.94706 22.5 31.5 3.10790703125431 1.413627532 0
3 2016 292 14066.96517 23 33.5 3.5165889552944 1.780123559 0
3 2016 293 19108.0034 23.4 33.3 3.45298107453908 1.623053833 0
3 2016 294 14898.0365 22.5 33.4 3.3125212099536 1.406148021 0
3 2016 295 18728.50242 23.6 33.4 3.55633175355017 1.017213462 0
3 2016 296 22246.98549 23.4 31.3 3.25345122800339 1.623053833 1.2
3 2016 297 21754.71195 23 34.3 3.50849308350912 1.062090527 0
3 2016 298 19048.18794 23.6 34.4 3.1889199374284 1.062090527 0
3 2016 299 17236.73236 23.5 32.7 2.84997558274712 1.032172484 0
3 2016 300 17786.32622 24.5 33.8 3.53586923320555 1.720287473 0
3 2016 301 19948.53921 24 34.4 3.26607975056274 1.114447102 0
3 2016 302 21076.04334 24.2 34.3 3.3214368825885 1.278996339 0
3 2016 303 18250.68649 22.8 34.4 3.39227185916582 1.473463618 0
3 2016 304 20106.34422 22.6 34.7 3.41428427392732 1.353791446 0
3 2016 305 19769.92273 23 29.6 2.75910942816087 0.912500312 0
3 2016 306 16819.01774 22 33.8 3.17398746784419 1.19672172 0
3 2016 307 17795.87035 24 33.8 3.52220008931083 1.59313579 0
3 2016 308 16597.85523 24.3 33.9 3.44268173967495 1.398668511 0
3 2016 309 17426.7967 24.5 34.7 3.26592646763456 1.278996339 0
3 2016 310 18252.43342 24.6 34 2.79222727086685 0.860143736 0
3 2016 311 17492.61737 23.5 34.7 3.12157965114119 1.421107043 0
3 2016 312 19463.42627 25 34.2 3.23316768259861 0.747951075 0
3 2016 313 18418.10407 24.6 35.4 3.50052867347619 1.391189 0
3 2016 314 16805.34576 24 35.4 3.18466801936164 2.0867835 0
3 2016 315 20764.04147 22.6 34.6 2.991477306981 1.181762699 0
3 2016 316 17017.56574 23.6 33.6 2.73941510814602 0.785348629 0
3 2016 317 18829.09475 24 35 3.08639206237875 0.807787161 0
3 2016 318 20634.0391 23.4 35.5 3.20084950334778 1.608094812 0
3 2016 319 17760.23929 22.8 35.4 3.03455574759879 1.017213462 0
3 2016 320 20126.62167 23.4 35.7 2.87159684154681 1.174283188 0
3 2016 321 18535.08555 24.5 34.8 2.93099852739207 1.017213462 0
3 2016 322 20470.05874 25.2 35.4 3.46668184498339 1.428586554 0
3 2016 323 19025.43923 23.2 34.5 3.12722978471283 0.643237925 0
3 2016 324 18568.73223 23.8 36.2 3.58793581368662 1.249078296 0
3 2016 325 18534.49271 24.3 32.6 3.15995947465119 1.024692973 0
3 2016 326 19200.26314 22.8 35.7 3.66930791788714 1.652971876 0
3 2016 327 18747.76203 24.8 35.8 3.59618060646951 1.518340683 0
3 2016 328 18576.2882 24.6 34.4 3.66648204792068 1.518340683 6
3 2016 329 16736.15417 23.5 34.8 3.23686989226485 0.912500312 19.9
3 2016 330 19349.13003 25.3 36.6 3.60849474603165 1.413627532 0
3 2016 331 16543.77115 25 35.8 3.23390188599461 0.987295419 0
3 2016 332 18596.95444 24 35.4 3.17632682496834 0.837705204 0
3 2016 333 19261.68861 24.5 35.2 3.14618750892987 1.121926613 0
3 2016 334 17852.78653 25 36.2 3.54069869663775 1.413627532 0
3 2016 335 19070.8556 23.4 36.4 3.27335791686789 1.18924221 0
3 2016 336 18770.62433 24.6 36.4 3.28911821213376 1.697848941 0
3 2016 337 16406.74817 24.8 36.3 3.07564812414939 1.174283188 0
3 2016 338 10748.02431 20.3 36 2.55933229020343 2.041906435 0
3 2016 339 17880.61503 20.7 36 3.00935150960556 1.907275242 0
3 2016 340 9488.400728 22 35.2 3.00713334417572 1.413627532 0
3 2016 341 19764.51876 22.8 36 2.64603886349823 0.912500312 0
3 2016 342 18513.33095 21.8 35.5 3.15089214380485 1.436066064 0
3 2016 343 19456.16709 23.4 36 3.59880832098894 1.682889919 0
3 2016 344 16431.01851 24.2 36 3.50870816455341 1.166803677 0
3 2016 345 17786.62803 24.2 36.3 3.52994731082712 0.905020801 0
3 2016 346 19278.41985 24 36.3 3.31720151976302 0.80030765 0
3 2016 347 18584.61505 23.9 36.4 3.24316257473412 0.770389607 0
3 2016 348 19257.96606 22.1 35.8 3.02035192949064 1.144365145 0
3 2016 349 7923.49764 21.4 36.8 2.47172059366949 1.009733951 0
3 2016 350 15696.18495 20.9 36.3 2.96133943538117 1.017213462 0
3 2016 351 17191.90691 23 35.5 2.79719198126228 1.226639763 0
3 2016 352 17733.72006 21.7 36.6 2.6154361269043 1.705328451 0
3 2016 353 17731.30635 24.2 35.4 2.69295413620893 1.09200857 0
3 2016 354 19093.48215 23.2 37.3 2.62733793260441 1.166803677 0
3 2016 355 17457.71397 23 36.5 2.6873204286052 1.211680742 0
3 2016 356 17322.8348 21.6 36.2 2.40906697650851 1.406148021 0
3 2016 357 15280.13714 20.5 35.4 2.39289989327517 1.106967591 0
3 2016 358 18693.45238 17.9 37.3 2.25555122134654 2.258812247 0
3 2016 359 7921.186655 19 36.4 2.40581906983247 0.912500312 0
3 2016 360 18706.08504 14.9 35.3 1.90851209198459 2.954406747 0
3 2016 361 20489.36537 21.7 33 2.26358687227976 3.171312559 0
3 2016 362 20363.30215 23 33 2.36094450535144 3.305943752 0
3 2016 363 19281.8098 20.4 34 2.29574191572724 2.894570661 0
3 2016 364 16422.52638 16.9 33.8 2.05579892503653 3.178792069 0
3 2016 365 17118.84406 18.5 36 2.28474652009696 2.48319757 0
3 2016 366 14667.37587 19.5 35.7 2.2500120484061 2.565472188 0
