*---------------------------------------------------------*
*Country: Nig
*Weather station: OGOJA CRS
*WMO-station number: 
*Station longitude: ...(dd)
*Station latitude: ...(dd)
*Propagated data for longitude: ...(dd)
*Propagated data latitude: ...(dd)
*Elevation: -99.99
*Angstrom values of -0.25 and -0.45 for the Ke,Tz,Ug region
*Source: Combination of NASA power weather and TRMM rainfall
*Comments: NASA power temp. data converted
*using GYGA factors derived GYGA online propagated data
*Comments: differences between the sets were corrected
*on annual basis
*NASA-Power vs GYGA min. temp.: R2=1
* intercept=14.47; slope=0.3469
*NASA-Power vs GYGA max. temp.: R2=1
* intercept=9.297; slope=0.7965
*Columns:
*  ========
*  station number
*  year
*  day
*  average insolation incident on a horizontal surface (kJ m-2 d-1)
*  Propagated minimum temperature (degrees Celsius)
*  Propagated maximum temperature (degrees Celsius)
*  vapour pressure (kPa)
*  mean wind speed (m s-1)
*  TRMM precipitation (mm d-1)
*---------------------------------------------------------*
   0.0 0.0 -99.99 -0.25 -0.45
3 2017 1 16050.92621 15.7 35.4 1.98739677735682 3.133915005 0
3 2017 2 9892.731653 19.8 34.3 2.25276154845164 2.371004908 0
3 2017 3 15532.96661 17.7 35.2 2.10565982278322 2.909529682 0
3 2017 4 7990.016185 22.4 35.4 2.44291896741663 2.692623871 0
3 2017 5 15842.59462 20.9 36.4 2.27828304505336 1.937193285 0
3 2017 6 8010.145721 19.6 35.7 2.11992858102034 1.675410408 0
3 2017 7 15605.87064 18.9 36.4 2.18548192812737 1.458504597 0
3 2017 8 17421.5347 18.1 36.7 2.03954604839861 2.101742521 0
3 2017 9 15509.96472 17.5 35.5 1.9744255692224 3.358300328 0
3 2017 10 16501.40228 15.7 35 2.056769251779 1.219160253 0
3 2017 11 12228.66431 19 35 2.66723098552409 2.079303989 0
3 2017 12 14469.27091 24.2 34 3.38426291553769 1.630533344 0
3 2017 13 9904.74957 25.1 35.3 3.4850902304968 1.278996339 0
3 2017 14 14934.6037 23.4 32.4 2.69446958849667 1.465984107 3.2
3 2017 15 15936.43447 17.6 34.2 1.93513226659216 1.368750468 0
3 2017 16 16243.75824 20.5 35.4 2.1475419108335 1.174283188 0
3 2017 17 18651.50238 22.7 37.2 3.05006416265252 1.18924221 0
3 2017 18 17984.74341 24.4 37.7 3.64711843945102 1.503381661 0
3 2017 19 18439.54743 23 37.2 3.46347305564528 1.174283188 0
3 2017 20 18896.62001 24.5 38.2 3.35421704706709 1.323873403 0
3 2017 21 17242.55146 22 37.9 3.32718887156324 1.645492365 0
3 2017 22 18688.40562 25.5 36.5 3.61024713299889 1.937193285 0
3 2017 23 19715.92865 25.4 35 3.61342052346706 2.184017139 0
3 2017 24 18905.97686 24.6 36.2 3.60899803708863 2.445800016 0
3 2017 25 8298.482286 24.6 35.8 3.45204196106967 1.967111328 0
3 2017 26 15144.70532 26.2 36.8 3.70736146711676 1.697848941 0
3 2017 27 19595.36448 21.7 37.8 2.75507854680505 1.465984107 0
3 2017 28 16067.54124 24.5 36.5 3.22449727819033 1.331352914 0
3 2017 29 15673.6841 24 37.2 3.28732115131219 1.09948808 0
3 2017 30 19436.20227 23 37.2 3.0209371317044 1.114447102 0
3 2017 31 16174.85582 22.6 36.8 2.86228085606062 1.271516828 0
3 2017 32 20817.90753 20.5 37.1 2.31558146576127 1.600615301 0
3 2017 33 18556.14928 21.5 36.8 2.79362357197842 1.308914382 0
3 2017 34 13972.38952 22 36.2 2.69129479473711 1.009733951 0
3 2017 35 13570.34263 20.4 37.2 2.59235838856687 1.09200857 0
3 2017 36 19553.27152 16.5 36.8 1.50154720845364 1.712807962 0
3 2017 37 20179.38727 19.4 37.3 1.79573532588307 1.249078296 0
3 2017 38 21245.33878 19 37.2 2.19261061708946 1.436066064 0
3 2017 39 18372.10621 19.4 37.3 2.46233696780057 1.436066064 0
3 2017 40 9193.350069 19 37.4 1.8822574672862 1.204201231 0
3 2017 41 22415.88844 19 37.2 1.84776965476934 1.503381661 0
3 2017 42 20114.57106 20.5 37 2.54064653949781 1.219160253 0
3 2017 43 18098.07935 17.7 39.4 2.53596155537461 1.129406124 0
3 2017 44 20352.54092 17 38.2 1.74668586721826 2.146619586 0
3 2017 45 20102.14274 21.9 38.5 1.81336283544938 2.842214086 0
3 2017 46 11256.85415 21 36.6 1.98257804361605 1.862398177 0
3 2017 47 12322.69974 19.2 37 1.84282706104259 2.363525398 0
3 2017 48 12797.53139 19.6 34.3 1.58832712679849 3.365779838 0
3 2017 49 15956.77984 15.6 35 1.4176342088766 3.515370053 0
3 2017 50 13602.61159 16.4 36.4 1.46136553610075 3.006763322 0
3 2017 51 18420.78897 21.2 37.8 1.96125661778463 2.019467903 0
3 2017 52 21008.27276 19.6 37.9 1.98632365815283 1.652971876 0
3 2017 53 21352.14559 18.5 39.3 2.07612268945922 1.757685027 0
3 2017 54 18386.58876 22.7 38.4 2.71133445112941 1.49590215 0
3 2017 55 10887.78696 22.8 37.7 2.52532628613861 1.817521113 0
3 2017 56 16347.45496 18.5 39.2 2.92946972975576 1.308914382 0
3 2017 57 16985.48534 22.5 37.7 3.01794990753122 1.682889919 0
3 2017 58 17776.63853 26.5 38.2 3.54604772942389 1.802562091 0
3 2017 59 18721.59157 26.5 39.5 3.75550834420007 2.266291758 0
3 2017 60 14500.29465 24.8 39.6 3.51521625400722 2.019467903 0
3 2017 61 13766.81093 24.5 38.4 3.40741669194258 1.922234263 0
3 2017 62 18672.99068 25.6 39.4 3.71650290909858 2.116701543 0
3 2017 63 21760.74844 23.2 39.4 3.49094232305203 1.922234263 0
3 2017 64 21644.72655 24.8 39.4 3.81245751877062 2.198976161 0
3 2017 65 14634.36282 27.1 38.6 4.19638729531049 2.535554145 0
3 2017 66 11438.29423 25.8 35.3 3.43076637994169 2.341086865 0
3 2017 67 11765.74422 24.7 36.7 3.43907328825111 1.623053833 0
3 2017 68 19014.62464 25.4 38.8 3.96212504710064 1.645492365 0
3 2017 69 21661.39734 25.3 38.3 3.66184330338115 1.301434871 0
3 2017 70 18146.36897 25 38.6 3.56499650398501 1.533299704 0
3 2017 71 19561.73879 24.8 38.4 3.67266108185403 1.615574322 0
3 2017 72 18815.88553 24.6 39.2 3.62068134078642 1.869877688 0
3 2017 73 17758.06638 26.9 39.4 4.19201733315116 1.600615301 0
3 2017 74 17936.05479 26.8 38.3 3.80299833673425 1.563217747 0
3 2017 75 21213.81002 25.2 39.7 3.35100612592666 1.346311935 0
3 2017 76 20307.47105 25 38.7 3.56991051961652 2.393443441 0
3 2017 77 22349.086 24.8 40.4 3.67747367720619 2.176537629 0
3 2017 78 18953.20754 25 39.4 3.70900998182732 2.640267295 0
3 2017 79 19750.63127 26.5 38.4 3.74799622729535 1.89231622 0
3 2017 80 10741.72561 27.5 39.4 4.07986908926174 2.438320505 0
3 2017 81 16673.00448 27.8 35 3.8127730058908 2.999283811 0
3 2017 82 20584.97207 24.7 36.3 3.51791124852803 2.849693596 0
3 2017 83 22785.12592 25 39.6 3.7503005712166 1.982070349 0
3 2017 84 21241.70753 24 39.4 3.72718629191077 2.169058118 0
3 2017 85 18290.67223 25 39.4 3.68592785047406 2.326127844 0
3 2017 86 20802.19512 27.3 39.5 4.07465152838465 1.959631817 0
3 2017 87 15971.65519 26.8 37.5 3.94215626563405 1.847439156 0
3 2017 88 23014.60719 26.3 39.2 3.79145334179811 1.525820193 0
3 2017 89 18648.66055 26.8 38.8 3.96576381630151 2.378484419 0
3 2017 90 9901.398573 26.1 35.3 3.58260723183421 2.408402462 0
3 2017 91 22888.54723 24.5 40.4 4.0503719801806 2.348566376 0
3 2017 92 20237.36906 24 38.5 3.56762128347661 1.600615301 0
3 2017 93 9450.578661 26.5 35.2 3.79111359345791 1.780123559 0
3 2017 94 17433.65104 26.1 37 3.77721886468485 2.438320505 0
3 2017 95 14466.12244 27 37.8 3.94220005714166 2.236373715 0
3 2017 96 15408.57835 27 37 4.11430715038535 2.677664849 0
3 2017 97 14473.33982 24.2 35.8 3.04652071218897 1.608094812 0
3 2017 98 21043.81066 24.2 40.4 3.78802119591742 2.363525398 46.7
3 2017 99 15259.61825 23.2 30.5 3.03683911764741 3.036681365 12.1
3 2017 100 14635.48371 23.5 35.2 3.42198292980063 2.445800016 0.4
3 2017 101 19324.07987 24.6 36.8 3.73629896219396 2.341086865 2
3 2017 102 21040.92008 23 35.7 3.37211648003526 2.744980446 0.5
3 2017 103 11668.40915 26.3 33.8 3.68547105233241 2.610349252 38
3 2017 104 25248.7234 22.5 35.2 3.20704860207503 1.914754752 0
3 2017 105 13072.07192 23.6 31.8 3.3024760459905 2.116701543 0.6
3 2017 106 25546.60526 23.5 36.4 3.00394722636051 2.011988392 0
3 2017 107 22888.17315 24.5 36.7 3.70361562786095 1.308914382 0
3 2017 108 17271.79099 24.6 35.7 3.36941395498571 1.413627532 0
3 2017 109 20380.09129 26.5 37.2 3.85420212597267 1.077049548 33.5
3 2017 110 13525.60737 22.2 30.7 3.02904343359389 1.802562091 10.2
3 2017 111 21140.65243 24.6 35.7 3.48411012416343 2.543033656 0
3 2017 112 13361.05796 23.5 32.4 3.14442649387222 1.376229978 0
3 2017 113 16306.29933 23.5 34 3.13089775574477 1.914754752 0
3 2017 114 14281.41994 25.5 34.2 3.65519765544748 2.632787785 0
3 2017 115 18306.07785 23.2 33.3 3.39002396944565 2.198976161 0
3 2017 116 20309.9352 25.3 35.3 3.56337425355969 2.198976161 5.5
3 2017 117 21536.0491 24 34.8 3.51466107136078 1.929713774 0
3 2017 118 24461.00935 24.8 31.3 3.35650606295086 2.273771269 0
3 2017 119 23053.34149 24.6 36.8 3.59144008990086 1.959631817 0
3 2017 120 19640.33298 26.3 36.7 4.14784463357509 2.221414693 0
3 2017 121 22866.44224 25 34.5 3.60121850432542 2.513115613 1.6
3 2017 122 17455.17075 23 34.1 3.21854031196897 2.011988392 7.1
3 2017 123 23756.36883 22.4 30.6 3.19134751833983 2.243853226 0
3 2017 124 9892.263062 24.4 32.8 3.37387601546202 1.652971876 17.6
3 2017 125 23258.20589 22.1 33.4 3.16832968711766 2.161578607 0
3 2017 126 22625.48135 23.6 33.2 3.35237041037218 2.408402462 0
3 2017 127 23987.91017 23 34.4 3.31750217693573 1.772644048 0
3 2017 128 14926.37672 24 35.7 3.55591964339942 2.0867835 2.5
3 2017 129 24407.61524 23.5 27.9 3.03678250593243 1.630533344 0
3 2017 130 21328.12688 23.9 33.8 3.56722605156513 1.383709489 0
3 2017 131 9697.729452 24.6 33.6 3.2911956853604 1.413627532 32.8
3 2017 132 22972.10745 21 33.8 3.15348565822548 1.69036943 0
3 2017 133 21580.31145 22.8 33 3.35887994169919 2.019467903 5.7
3 2017 134 18515.36299 23.5 33.8 3.46884687614345 2.371004908 0
3 2017 135 16674.01693 24.3 35.2 3.78901723933611 2.468238548 76
3 2017 136 21374.57601 21.2 27.5 2.67207238564428 2.0867835 0
3 2017 137 23179.86977 22.6 33.5 3.12563728134514 1.301434871 0
3 2017 138 22553.61769 24.5 33.8 3.34556019322843 1.959631817 0
3 2017 139 18593.08871 25.5 35 3.77658306367481 1.922234263 0
3 2017 140 12670.9303 22.8 32.4 3.44610412534478 1.301434871 0.5
3 2017 141 11451.28781 22.8 33.3 3.42891318493229 1.533299704 15.6
3 2017 142 19759.55554 24 33.5 3.59164903959775 1.645492365 0
3 2017 143 21557.30976 23.6 35.2 3.74052744065396 1.869877688 0
3 2017 144 22597.50486 24.4 33.5 3.49285607291664 2.415881973 106.5
3 2017 145 9611.424283 22.5 30.7 3.16387204688778 2.632787785 10.2
3 2017 146 19550.50491 23.3 33.8 3.31727811952665 1.181762699 0
3 2017 147 17429.06162 24 33.5 3.47557288068363 1.391189 0
3 2017 148 19974.8575 23.5 34 3.28171779895971 1.79508258 0
3 2017 149 14850.68364 25.5 34.8 3.70066333910345 2.752459957 74.7
3 2017 150 19648.35304 21.2 33.6 3.22976789231913 2.430840994 0
3 2017 151 9879.556111 24.5 29.2 3.12907873241594 1.914754752 11.3
3 2017 152 17224.48393 24.4 33.3 3.38773298963621 1.204201231 0
3 2017 153 21861.69752 25.8 35 3.799585086082 1.862398177 0
3 2017 154 18553.82307 23.4 34.4 3.34139063198981 2.378484419 4.9
3 2017 155 18244.77802 23 32 3.27257026456262 2.296209801 0.4
3 2017 156 17786.93812 24.6 34 3.42680585220383 1.144365145 3.7
3 2017 157 23312.00082 23.9 33.2 3.40352735063434 2.019467903 7.8
3 2017 158 18817.3102 23 33 3.37963573844816 2.056865457 0
3 2017 159 22992.85143 24 34.7 3.25235525232007 1.039651994 0
3 2017 160 22685.19481 24.2 34.2 3.33901949685322 1.391189 23
3 2017 161 12377.00522 23 31.6 3.27551361077866 2.161578607 6.4
3 2017 162 11179.59217 23.5 33 3.4314452375416 2.303689312 7.4
3 2017 163 22364.56132 24.3 33 3.55088704782094 1.937193285 19.3
3 2017 164 16990.09044 23.8 30.8 3.2515650233951 1.780123559 2.3
3 2017 165 22353.53506 22.8 30.9 2.81807926499714 1.29395536 0
3 2017 166 15194.43862 24.4 34.2 3.45859591600877 1.967111328 0
3 2017 167 11019.28526 21.8 28.8 2.94620248687367 2.610349252 15.5
3 2017 168 12508.1009 22.8 29.9 3.08159256852762 2.49067708 2.4
3 2017 169 19658.60149 24 32.4 3.26393081740913 1.630533344 0
3 2017 170 20849.26056 22.6 31.8 3.31230393937893 1.982070349 0
3 2017 171 17273.24772 22.8 33 3.36789908676529 2.236373715 28.6
3 2017 172 21742.70713 22.6 31.9 3.02787705885851 1.286475849 0
3 2017 173 21594.61373 23 32.5 3.13442986330488 1.585656279 3.6
3 2017 174 9527.373127 23 31.9 3.33293561304299 2.513115613 15.6
3 2017 175 17277.09592 23.5 32.4 3.27370112978234 1.750205516 0
3 2017 176 20111.25108 22.5 31.4 3.29680970768335 1.89231622 0
3 2017 177 17431.47626 24.3 31.8 3.18932522109844 1.09948808 0
3 2017 178 19373.38212 23.3 31.2 3.30320439089236 2.176537629 11.6
3 2017 179 19676.28626 23.3 29.3 2.93839679675664 1.98954986 0
3 2017 180 19383.21848 23.3 32 3.14581994535059 1.608094812 0
3 2017 181 18045.84219 24.5 33.2 3.44054842600025 2.221414693 0
3 2017 182 15961.51934 24 33 3.31389880875733 2.662705828 0
3 2017 183 19850.61047 23.2 31.2 3.22644809777882 2.371004908 0
3 2017 184 15973.1503 24 32.3 3.32537796526581 2.154099096 0
3 2017 185 19268.77464 24 32.8 3.44831823054209 2.857173107 22.2
3 2017 186 21371.58511 22.5 29.3 3.02617126683795 2.400922951 0
3 2017 187 14946.26513 23.4 29.9 3.03487873790502 2.258812247 0.1
3 2017 188 19146.51902 23 30.6 3.04801744778059 2.28873029 0
3 2017 189 18257.54382 23.4 33 3.27310883025246 2.026947414 0
3 2017 190 11370.22997 23 30.3 2.94965484424076 2.550513166 8.4
3 2017 191 21728.94504 24 31 3.13673326681883 2.557992677 0
3 2017 192 20390.88405 23.8 30.2 3.09756754474446 1.742726005 0
3 2017 193 22206.72634 23.3 31.3 3.0726763327876 1.398668511 7.8
3 2017 194 11695.50814 21.4 28.9 2.79570885475646 2.38596393 31.7
3 2017 195 15614.98373 22.5 29.7 3.0320671366824 2.243853226 0.4
3 2017 196 17131.20513 23 32.4 3.23375958344318 2.19149665 0
3 2017 197 9757.233014 23.5 32 3.3937076366422 3.08155843 1.9
3 2017 198 22283.8378 23 30.7 3.12589805604461 2.28873029 57.1
3 2017 199 15053.25145 24 30 3.10113288492027 1.443545575 0
3 2017 200 21108.41401 23.5 31.7 3.12483209479935 1.18924221 0
3 2017 201 21578.28915 24 32.3 3.27885851660598 1.869877688 0
3 2017 202 10089.75173 24.9 29.2 3.3473175960406 3.178792069 5.5
3 2017 203 15702.62047 23.5 33 3.3984616351689 3.156353537 0
3 2017 204 20264.30028 23.4 31.2 3.1325478012465 2.326127844 0
3 2017 205 18155.07644 22.6 31.3 3.22606729536622 2.213935182 0
3 2017 206 18625.12688 21.9 29.7 3.03090386686502 2.804816532 3.7
3 2017 207 22442.26221 23 31.2 3.10144137778039 1.884836709 0
3 2017 208 20785.9977 22.8 31.7 3.15631490757338 1.780123559 0
3 2017 209 22479.13329 23.8 31.8 3.45330952574189 2.632787785 0
3 2017 210 22345.06451 24 33.2 3.49481890279123 1.458504597 17.8
3 2017 211 14423.69688 23.4 30.2 3.24675523281507 2.872132129 2
3 2017 212 19630.59726 23.6 30.8 3.25206055472675 2.677664849 0
3 2017 213 21787.8334 23.4 29.1 3.10304373480517 2.946927236 15.8
3 2017 214 14914.46516 23 29.9 3.10015260137969 2.303689312 0
3 2017 215 11706.35321 23 30.2 3.18511543652566 2.38596393 20.3
3 2017 216 9412.496186 21.3 26.2 2.68958233393011 2.415881973 32.3
3 2017 217 16328.13611 22.9 31.4 3.30621163963368 2.303689312 0
3 2017 218 15724.7548 22.9 29.4 3.00610268382908 2.371004908 0
3 2017 219 9889.056167 23.5 28.8 3.00338959476425 2.400922951 31
3 2017 220 18055.70172 22.6 29.5 3.02244933863398 2.273771269 0
3 2017 221 20379.85153 24 31.2 3.20865824529798 2.169058118 28
3 2017 222 13760.38279 22.7 29.8 2.95532848225782 2.198976161 0
3 2017 223 11606.62323 23.6 29.8 3.20320582253253 1.884836709 0
3 2017 224 14393.80491 23.2 33 3.46475820245124 2.610349252 10.6
3 2017 225 10535.12861 22.9 32 3.34977416748561 2.371004908 6
3 2017 226 9920.258307 23 31.2 3.35822121433113 2.602869742 11.5
3 2017 227 18752.95668 23.7 30.4 3.25291615972453 2.647746806 0
3 2017 228 10702.00134 24.2 28.8 3.11622033115392 2.902050172 81.4
3 2017 229 19857.98706 23.6 26.8 2.92360956553911 2.774898489 0.5
3 2017 230 22351.27844 23.3 30.9 3.1290559691413 2.236373715 0
3 2017 231 20653.11456 23 32.4 3.18212937644816 1.682889919 0
3 2017 232 20040.13668 23.4 29.4 3.00292376412601 1.525820193 0
3 2017 233 13826.51078 23.3 28.9 3.13384612721896 3.051640387 2.3
3 2017 234 12273.73828 22.7 27.8 2.82781899889042 2.333607355 4.9
3 2017 235 19749.81391 23.3 31.6 3.25130522954947 1.712807962 0
3 2017 236 14302.73608 22.7 31.5 2.95260948927682 0.777869118 39
3 2017 237 15707.60935 21.5 29.3 2.931640970624 2.557992677 22.7
