*---------------------------------------------------------*
*Country: Nig
*Weather station: IKOM CRS
*WMO-station number: 1
*Station longitude: ...(dd)
*Station latitude: ...(dd)
*Elevation: -99.99
*Angstrom values of -0.25 and -0.45 for the Ke,Tz,Ug region
*Columns:
*  ========
*  station number
*  year
*  day
*  average insolation incident on a horizontal surface (kJ m-2 d-1)
*  Propagated minimum temperature (degrees Celsius)
*  Propagated maximum temperature (degrees Celsius)
*  vapour pressure (kPa)
*  mean wind speed (m s-1)
*  TRMM precipitation (mm d-1)
*---------------------------------------------------------*
   0.0 0.0 -99.99 -0.25 -0.45
4 2018 1 19141.2034667817 17.2 32.5 2.1857785748185 0.777869118174662 0
4 2018 2 18770.4758266704 18.5 32.2 2.32975450865924 1.44354557507413 0
4 2018 3 19091.3548438317 18.5 32.6 2.22174725373816 1.62305383311444 0
4 2018 4 18501.0236115938 18.1 33.3 2.1633277725493 1.98954985994673 0
4 2018 5 17993.8049879469 15.8 32.2 2.25912392196204 1.18176269876535 0
4 2018 6 18373.7182334569 17.2 33 2.27593811336683 1.2715168277855 0
4 2018 7 18727.7594791831 17.1 33.4 2.3326693390506 1.36127095680566 0
4 2018 8 18639.154748176 20 34.1 2.27421642034166 1.39118899981238 0
4 2018 9 19441.4478024097 19 34.8 2.33049341105694 1.17428318801367 0
4 2018 10 19104.9452336677 20.5 34.3 3.01187079301813 1.33135291379894 0
4 2018 11 18768.6052995528 21.5 35.6 3.01989389281144 1.22663976327543 0
4 2018 12 16868.7336773341 18 34.4 2.07348527717329 1.16680367726199 0
4 2018 13 18096.0936493149 19.3 34.2 2.08484017922276 1.19672172026871 0
4 2018 14 17983.7665604505 19.6 32.8 1.94967480458617 1.54825872559764 0
4 2018 15 18657.1112772925 17.5 33.7 2.19650218969774 1.563217747101 0
4 2018 16 19192.8813782936 18.2 33.7 2.51665430556542 1.25655780628215 0
4 2018 17 19224.8153976246 18.4 34.2 1.99440089989456 1.40614802131573 0
4 2018 18 18609.6557864143 18.4 34.2 2.23972350157999 1.42110704281909 0
4 2018 19 19037.3292853148 18.2 35.5 2.31659262378433 1.42858655357077 0
4 2018 20 19354.0556654723 18 35.1 2.23233493295047 1.06209052673848 0
4 2018 21 18709.8346224098 19.2 34.8 2.55813157614428 1.43606606432245 0
4 2018 22 19056.7371153811 19.2 35.1 2.34657579819083 1.74272600514131 0
4 2018 23 18013.1596957819 18 33.5 2.00314705412144 1.09948808049688 0
4 2018 24 17535.6759407053 18.8 33.8 2.32115555067502 1.48094312883253 0
4 2018 25 19366.8213720365 15.5 33 1.7059254292779 0.927459333208251 0
4 2018 26 16405.4287169104 18.1 33.2 2.17437766216621 1.1294061235036 0
4 2018 27 18127.6285024873 17.2 34 2.16892691187162 1.33883242455062 0
4 2018 28 18422.8107150324 18.8 34.8 2.23861905731215 1.32387340304726 0
4 2018 29 17311.5517444128 21 35.2 2.79826844837497 1.2715168277855 0
4 2018 30 18672.0938929647 20.8 35.7 2.8945028733348 1.39118899981238 0
4 2018 31 17124.8997549379 19.2 35.6 2.24247869029368 1.30143487079222 0
4 2018 32 14704.8311252344 17.2 35.3 2.55380226459449 1.65297187612116 0
4 2018 33 16908.6716290991 21 36.5 2.64843154420377 1.61557432236276 0
4 2018 34 11577.3660305198 21.8 37.3 3.22346565539221 1.54077921484596 0
4 2018 35 21197.6188505846 22.5 37.8 3.08181759048039 1.66045138687284 0
4 2018 36 18912.5464772238 22.8 38.4 3.46516847515422 1.84743915566482 0
4 2018 37 17494.053017052 23.8 39.3 3.6020085651572 1.84743915566482 0
4 2018 38 17093.5502248928 24.5 37.5 3.62866676122848 2.01198839220177 0
4 2018 39 20501.2115966363 24.3 37.2 3.62605865953921 1.95215230618833 0
4 2018 40 13644.7678202244 25.3 35.3 3.68121812651206 2.37100490828238 0
4 2018 41 17941.6862702895 24.6 35.8 3.5490407778298 1.95215230618833 2.2
4 2018 42 12821.4495524419 25 33.8 3.61550159195265 2.01946790295345 2.1
4 2018 43 19939.8527273868 22.5 35.5 3.27704484463029 1.2715168277855 0
4 2018 44 18798.6708469165 24.1 37.2 3.47331247270297 1.33883242455062 28.1
4 2018 45 21359.741822111 23.7 36.8 3.60871579733869 2.04938594596017 0
4 2018 46 20810.5440040328 24.8 35.7 3.30569386015758 1.61557432236276 0
4 2018 47 19514.5828286981 24 36.6 3.30178675535773 1.51834068259093 0
4 2018 48 20152.0689206522 24.1 36.5 3.57589246717001 1.76516453739635 0
4 2018 49 19147.9334804447 24.3 36.4 3.73938381988908 2.23637371475215 0
4 2018 50 20534.7848060976 24.5 36.4 3.67984825695796 1.58565627935604 0
4 2018 51 18176.8850106979 24.4 37.1 3.82802308469493 1.93719328468498 0
4 2018 52 17462.603619761 24.7 35.1 3.63153305173332 2.42336148354414 0
4 2018 53 21411.3967065855 25 35.2 3.75024657627042 2.11670154272528 0
4 2018 54 19794.5541562145 21.5 35.7 3.43767436703051 1.69784894063123 99
4 2018 55 23005.0344758038 23.1 34.5 3.3676505414329 1.23411927402711 0
4 2018 56 21081.3793228883 24 35.4 3.57003120033206 1.74272600514131 0.2
4 2018 57 14148.8762283301 24.3 33.3 3.51851178261878 2.52059512331597 0.8
4 2018 58 15238.9130650924 23.7 33.5 3.36252538849585 2.04938594596017 0.5
4 2018 59 20133.4644838791 23.3 35.1 3.46909537773791 1.78760306965139 0
4 2018 60 14991.1422974357 23.5406849315068 33.4 3.46048187978183 2.22889420400047 0
4 2018 61 22950.1993404722 22.6106849315068 35.6 3.37603782720858 1.64549236536948 0
4 2018 62 21919.5237824102 23.5006849315068 36.6 3.55703238036769 1.76516453739635 0
4 2018 63 20578.9188174602 23.0806849315068 36.8 3.41414550147027 1.75768502664467 0
4 2018 64 22297.7425108381 22.9306849315068 37.3 3.54041188642298 2.07930398896688 0
4 2018 65 20491.7930706798 23.0406849315068 35.7 3.42067735818931 2.07182447821521 0
4 2018 66 18680.0209336118 23.4206849315068 34.7 3.38817749288683 2.04938594596017 18.3
4 2018 67 16093.4888204314 24.2206849315068 32.8 3.46112301068762 2.28873029001391 19.4
4 2018 68 17350.139302101 23.6406849315068 33.5 3.24109369774302 1.75768502664467 19.9
4 2018 69 20768.0342429928 23.5906849315068 34.4 3.43794873497938 1.90727524167826 0
4 2018 70 21414.1268517709 24.3606849315068 34.3 3.63653668183645 2.10174252122192 0
4 2018 71 21287.8867989964 24.0206849315068 35.8 3.6214477700484 2.19149665024208 0
4 2018 72 21624.5455666828 23.5106849315068 36 3.49312487096494 2.12418105347696 0
4 2018 73 22890.2065776367 23.8206849315068 35.7 3.55816044344619 1.87735719867154 0
4 2018 74 20901.4524007668 24.8406849315068 35.2 3.76756749384227 2.52059512331597 0
4 2018 75 23408.2387666757 24.1506849315068 36.1 3.61252945580738 2.25881224700719 0
4 2018 76 17686.3228925284 24.3206849315068 34.2 3.70118173624978 2.62530827383948 3
4 2018 77 17705.4231124387 23.3106849315068 33.3 3.22895236864385 2.13914007498032 0.4
4 2018 78 22390.9174671704 23.7306849315068 35.5 3.51824586299145 2.58043120932941 0
4 2018 79 21788.980623712 24.2306849315068 35.4 3.66262385465865 2.40840246204078 14.4
4 2018 80 19627.1216037121 23.6606849315068 35 3.47730806323128 1.83995964491314 0
4 2018 81 14967.0768478425 22.9506849315068 34.1 3.1145652556137 1.37622997830902 0
4 2018 82 16540.0540941367 23.7006849315068 33.4 3.34856605548374 1.21168074177207 0
4 2018 83 23420.355293028 22.2906849315068 35.5 3.4424174793 1.93719328468498 59.6
4 2018 84 16877.9107276092 23.7606849315068 33.3 3.34819309329094 1.03217248373176 2.4
4 2018 85 21888.4383912858 23.0206849315068 34 3.034371877859 1.23411927402711 0
4 2018 86 20182.1700773833 23.6306849315068 34.3 3.32925280623456 1.88483670942322 0
4 2018 87 21600.1847652218 24.0206849315068 35.4 3.57173701942575 2.34108686527567 9
4 2018 88 22079.7637523332 24.9806849315068 35.4 3.7864384729319 1.94467279543665 1.1
4 2018 89 19899.5563591067 24.5906849315068 33.3 3.49031849032872 1.15932416651031 4.5
4 2018 90 17561.005571707 24.4106849315068 33.5 3.51031594052793 1.62305383311444 0
4 2018 91 16628.9535725961 24.7706849315068 33.1 3.7101859827258 1.65297187612116 0
4 2018 92 19959.7218664188 24.3906849315068 32.2 3.48510481038766 1.77264404814803 0
4 2018 93 16287.5671434397 23.6906849315068 32.2 3.23852506015645 1.71280796213459 0
4 2018 94 13357.7748521011 24.2806849315068 33.3 3.4829077177296 1.74272600514131 0
4 2018 95 19150.5905951003 23.8706849315068 35.6 3.76200618029498 1.87735719867154 0
4 2018 96 23220.6187513424 23.7106849315068 33.7 3.38862476298804 2.42336148354414 0
4 2018 97 20874.9892614438 22.6106849315068 35.8 3.35545210741399 2.30368931151727 73.5
4 2018 98 20875.1716024853 24.1406849315068 35.1 3.61059170671705 1.95215230618833 0
4 2018 99 21968.933761334 23.9406849315068 34.2 3.61054013770971 2.3635253975307 0
4 2018 100 16026.9019533805 23.4006849315068 29.2 3.01612609986605 1.93719328468498 0
4 2018 101 22432.7713523796 23.0006849315068 32.2 3.08279603756638 1.8923162201749 0
4 2018 102 18992.1103191285 23.3306849315068 30.6 3.00623642571964 2.4383205050475 6.3
4 2018 103 21955.2521429842 24.0006849315068 34.8 3.56638146355099 2.67018533834956 5.1
4 2018 104 21169.1558989582 23.6506849315068 34.1 3.47104832655303 2.45327952655086 5.8
4 2018 105 19446.9471064741 23.4506849315068 33.2 3.34095058919496 1.72776698363795 0
4 2018 106 23806.4818778405 23.7006849315068 35.2 3.66629063769698 1.68288991912787 0
4 2018 107 23797.1438958301 23.5206849315068 34.5 3.56558116540602 2.10174252122192 1.8
4 2018 108 22073.8315199284 23.7706849315068 35 3.49858760145565 1.77264404814803 0
4 2018 109 23775.8746488818 24.5106849315068 35.3 3.77148755866765 2.15409909648368 14.7
4 2018 110 19409.037338409 23.9906849315068 32.1 3.22219103902098 2.84221408563819 0
4 2018 111 22352.504245902 23.5106849315068 34.5 3.32734177537985 2.27377126851055 1.3
4 2018 112 23427.2907932359 23.7506849315068 35.2 3.40149531287357 2.16905811798704 0
4 2018 113 16274.4206459078 24.4506849315068 34.2 3.63059071987405 1.57069725785268 19.4
4 2018 114 21848.0538729687 24.1506849315068 33.4 3.4632783212377 2.03442692445681 1.2
4 2018 115 22298.9018651303 23.9106849315068 33.8 3.5969294320057 2.11670154272528 0
4 2018 116 23986.9169663832 23.7306849315068 33.7 3.32754381143928 2.13166056422864 0.4
4 2018 117 21494.9945025608 24.2006849315068 34 3.44839037252535 1.9297137739333 34.8
4 2018 118 21943.2561359794 23.5706849315068 33.5 3.25518940453986 1.88483670942322 2.6
4 2018 119 20074.1126119695 23.2206849315068 33.6 3.23127990391315 2.1840171394904 0
4 2018 120 21755.9741992404 23.8906849315068 34.4 3.46745997670301 2.02694741370513 0.4
4 2018 121 23742.4630080797 24.1106849315068 34.9 3.45191669897086 2.1092220319736 0
4 2018 122 23261.2156965798 24.3006849315068 35.4 3.59048515247063 1.92223426318162 2
4 2018 123 17396.8752476309 24.3006849315068 32.6 3.47315316339322 1.79508258040307 0
4 2018 124 24758.9575731436 23.3306849315068 36 3.62286166443204 1.66045138687284 3.9
4 2018 125 19057.5850794954 24.0606849315068 32.1 3.3259809459184 2.03442692445681 4.3
4 2018 126 23948.9358796692 24.1006849315068 35 3.47368762339014 2.42336148354414 0
4 2018 127 21629.7318228889 24.1306849315068 34.7 3.62403251134361 2.12418105347696 7.8
4 2018 128 20845.4589039309 23.2306849315068 32.6 3.10761750133343 1.8549186664165 0
4 2018 129 24343.2947290033 23.4806849315068 36.2 3.5758108479935 2.57295169857773 0.1
4 2018 130 12408.7313135549 24.0406849315068 32 3.34163388564021 1.64549236536948 0.4
4 2018 131 20332.1201924142 23.3406849315068 33.2 3.25848749016998 1.88483670942322 19.6
4 2018 132 10712.4608707782 23.9706849315068 29.6 3.12566505969013 1.78012355889971 0.4
4 2018 133 19534.4077703556 23.0606849315068 32.8 3.27296628630674 1.78012355889971 0
4 2018 134 21950.3202403221 22.7506849315068 33.6 3.17868032190462 1.52582019334261 0
4 2018 135 19195.6600028244 23.3206849315068 34 3.2977137025843 1.39866851056406 0
4 2018 136 21303.3981705098 23.4106849315068 35 3.45192439559525 1.98954985994673 5.5
4 2018 137 21739.0943842706 24.0606849315068 33.5 3.51965238078232 2.10174252122192 4.3
4 2018 138 21871.0779339208 24.0706849315068 34.5 3.72729011635862 1.51834068259093 19.6
4 2018 139 20792.4610447178 23.1406849315068 34.5 3.54485635942444 1.66045138687284 1.1
4 2018 140 20169.6319397796 23.8506849315068 34 3.57881632571071 2.45327952655086 0
4 2018 141 20907.2920869043 23.8606849315068 34.2 3.51472988615845 2.38596392978574 0.4
4 2018 142 23303.2153523052 22.9606849315068 33.5 3.44821401351471 1.83995964491314 0
4 2018 143 22379.0069985122 22.2806849315068 34.8 3.40045171316558 1.6380128546178 54.3
4 2018 144 18595.8718999321 24.3806849315068 31.9 3.3559035062694 2.19897616099376 19.3
4 2018 145 13917.3742910564 23.8206849315068 31.6 3.31450476506563 2.4009229512891 0
4 2018 146 18265.8204012827 22.8606849315068 32.1 3.14743278056963 1.3463119353023 13.3
4 2018 147 24709.279166735 23.0306849315068 33.4 3.27870882779972 1.47346361808085 0
4 2018 148 18388.2939330311 24.0806849315068 32.7 3.51289264378281 1.86987768791986 28.9
4 2018 149 9679.58006439382 23.8406849315068 32.4 3.39044723297366 1.64549236536948 2.2
4 2018 150 21507.7635616414 23.6706849315068 32.2 3.30630498305262 1.94467279543665 16.6
4 2018 151 20145.6325983208 23.5906849315068 33 3.26168586579589 1.43606606432245 0.2
