*---------------------------------------------------------*
*Country: Nig
*Weather station: IKOM CRS
*WMO-station number: 1
*Station longitude: ...(dd)
*Station latitude: ...(dd)
*Propagated data for longitude: ...(dd)
*Propagated data latitude: ...(dd)
*Elevation: -99.99
*Angstrom values of -0.25 and -0.45 for the Ke,Tz,Ug region
*Columns:
*  ========
*  station number
*  year
*  day
*  average insolation incident on a horizontal surface (kJ m-2 d-1)
*  Propagated minimum temperature (degrees Celsius)
*  Propagated maximum temperature (degrees Celsius)
*  vapour pressure (kPa)
*  mean wind speed (m s-1)
*  TRMM precipitation (mm d-1)
*---------------------------------------------------------*
    0.0 0.0 -99.99 -0.25 -0.45
4 2017 1 17844.2045927863 19 33.2 2.43999068342814 1.37622997830902 0
4 2017 2 15925.8912871767 19.4 32.6 2.4595655225885 1.30143487079222 0
4 2017 3 18704.3862647123 20.4 34.5 2.51626572257634 1.07704954824184 0
4 2017 4 19275.6592871729 18.7 32.6 2.35414904368389 1.0172134622284 0
4 2017 5 19156.8749840307 19.8 32.7 2.43406080121316 1.37622997830902 0
4 2017 6 18623.2012570557 21.2 33.4 2.54617026773389 1.0920085697452 0
4 2017 7 16563.2507246323 21 33.7 3.0449246560072 1.39118899981238 0
4 2017 8 21028.3588360957 22.4 34.7 2.8212474736539 1.65297187612116 0
4 2017 9 20498.3911127016 17.4 33.7 2.03911098862533 1.61557432236276 0
4 2017 10 19968.2532212847 18.2 33.7 2.36181420845912 1.57817676860436 0
4 2017 11 19716.6766349329 17 33.5 2.6230070941385 1.8175211126581 0
4 2017 12 9553.25303722568 24.1 31.7 3.28071401779301 1.47346361808085 0
4 2017 13 16837.8801000731 24.4 33.2 3.33043018271513 1.18176269876535 0
4 2017 14 14063.7285620733 24.3 33.4 3.31029682353856 1.0920085697452 0
4 2017 15 18853.4021557256 19.3 36.7 3.00050872293944 1.06209052673848 0
4 2017 16 19726.4794492518 21.3 33.7 2.66754493407135 1.11444710200024 0
4 2017 17 20603.0822496935 22.5 36 3.36248241362257 1.40614802131573 0
4 2017 18 19229.4589130233 23.8 36.7 3.69049728606654 1.47346361808085 0
4 2017 19 20532.9356854701 23.9 35.6 3.58741592469211 1.22663976327543 0
4 2017 20 18732.1990891288 23.7 35.6 3.41256724117186 1.33883242455062 0
4 2017 21 20465.3324760868 23.2 37 3.67001826990505 1.51834068259093 0
4 2017 22 20077.8325563736 23.4 35 3.45491264929254 1.49590215033589 0
4 2017 23 14575.0654146279 25.2 33.2 3.58944595911721 1.71280796213459 0
4 2017 24 21008.4245922952 25.3 34.5 3.70620560635191 1.81004160190642 1.3
4 2017 25 21334.505700618 22.5 34.7 3.36135118570625 1.76516453739635 1.5
4 2017 26 18805.3075108171 25.1 34.6 3.71535340003592 1.53329970409429 47.1
4 2017 27 21133.102920757 21.8 33.3 3.07411215724389 1.6006153008594 0
4 2017 28 19025.0456241461 23.3 34 3.4578558483589 1.57069725785268 0
4 2017 29 19064.2521560887 23.5 33.5 3.33724708594444 1.07704954824184 0
4 2017 30 18672.0938929647 22.8 33.6 3.16411992773792 1.45850459657749 0
4 2017 31 14817.3459365488 23.5 33.6 3.2829345342892 1.40614802131573 0
4 2017 32 16149.8812518885 23.4 33.1 3.12845633202491 1.54077921484596 0
4 2017 33 19659.6834718805 21.3 33 2.98213671716741 1.63053334386612 0
4 2017 34 17380.449627683 21.8 32.9 2.92046377010371 1.3089143815439 0
4 2017 35 16545.9160303506 21 33.7 2.9473939033109 1.24159878477879 0
4 2017 36 18766.8907903416 21.2 34.3 2.61699189323946 1.37622997830902 0
4 2017 37 20704.8810860461 20.9 34.4 2.44399173762286 1.32387340304726 0
4 2017 38 19872.0829066799 20.3 34 2.90660316143165 1.3089143815439 0
4 2017 39 20354.6806963258 21.1 34.4 2.91911010326326 1.32387340304726 0
4 2017 40 22013.7051932272 19.8 35 2.63045962254989 1.19672172026871 0
4 2017 41 18235.9182052199 19.4 35.8 2.76626296645496 1.47346361808085 0
4 2017 42 21371.1212849498 20.2 35.7 2.93638101567283 1.39118899981238 0
4 2017 43 22746.1466426895 20.4 37.2 3.20570238488428 1.44354557507413 0
4 2017 44 20870.5354310049 17.6 35 2.27872876879357 1.83248013416146 0
4 2017 45 20470.0630310106 17.5 35.7 2.02055978162277 1.54077921484596 0
4 2017 46 16204.9416784875 20.5 33.5 2.43512734007881 1.33883242455062 0
4 2017 47 19216.8746110535 20.4 34 2.35201717324663 1.6380128546178 0
4 2017 48 13739.1176068897 19.4 32.6 1.94660980474374 1.57817676860436 0
4 2017 49 14665.3205892932 19 33.9 2.12809718155058 1.0172134622284 0
4 2017 50 16343.1869240471 19.6 34.4 1.98874675006729 1.10696759124856 0
4 2017 51 17876.9317619863 20.5 35 2.67324324923649 1.55573823634932 0
4 2017 52 22270.6122963946 21 36.7 2.89770104622851 1.69784894063123 0
4 2017 53 19454.6287742022 19.3 34.9 2.5692328897339 1.61557432236276 0
4 2017 54 21604.0028511015 21 37.5 3.15888032403773 1.66793089762452 0
4 2017 55 19379.8256270744 23.4 37.2 3.31430496896806 1.83248013416146 0
4 2017 56 18509.1211916195 20.5 37.8 3.33990344894036 1.62305383311444 0
4 2017 57 21878.6379409667 23.4 37.6 3.45067054699231 2.03442692445681 0
4 2017 58 18882.4514312601 25 37.4 3.51432928031156 1.75768502664467 0
4 2017 59 22414.3571020926 25.4 38 3.74728776068691 1.91475475242994 0
4 2017 60 22453.8405711896 25.5 38 3.73119053755541 2.06434496746353 0
4 2017 61 19899.4941944368 25 31.5 3.03602553932931 1.86239817716818 0
4 2017 62 21002.9327020009 25.5 37.8 3.84110787319378 1.78012355889971 0
4 2017 63 21496.8560242401 25 37.8 3.69465793085296 1.8923162201749 0
4 2017 64 22297.7425108381 25.4 38.6 3.99210942270142 1.98207034919505 0
4 2017 65 18037.0606042664 26.9 35 3.89923504276343 1.94467279543665 0
4 2017 66 14839.3382247245 24.6 34.8 3.53458112416054 1.80256209115475 0
4 2017 67 21785.108076093 24.3 37.9 3.79124879291405 1.42858655357077 0
4 2017 68 17042.0966315723 26.4 35.3 3.9866603996532 1.70532845138291 0
4 2017 69 21693.2853554012 25.2 37.5 3.88949857609761 1.41362753206741 0
4 2017 70 20024.6262739623 25.7 36.8 3.95587180506584 1.45102508582581 0
4 2017 71 16805.5742403674 25.9 37 3.86232272128754 1.62305383311444 0
4 2017 72 21779.2746045299 25.7 38.2 3.982266162073 1.78012355889971 0
4 2017 73 19482.6608611749 25.9 36.6 3.96817551877817 1.25655780628215 0
4 2017 74 17490.5591247273 25.5 36.2 3.66861844151326 1.39866851056406 0
4 2017 75 22942.6824998165 25 38.6 3.68534980808895 1.49590215033589 0
4 2017 76 19860.842181319 26.2 37.4 3.97400968590074 2.08678349971856 0
4 2017 77 20037.2132085193 25.2 38.4 3.84049273916043 1.95963181694001 0
4 2017 78 18034.8188877018 27.2 38 4.14865460308068 2.46075903730254 0
4 2017 79 18363.81005873 25.5 37.3 3.8127730058908 1.57817676860436 0
4 2017 80 19159.7321506043 26.9 37.5 4.17546138625783 1.76516453739635 0
4 2017 81 13564.0160501287 27.5 34.2 3.98710583656936 2.64026729534284 1.6
4 2017 82 17787.9502172572 23.5 35.6 3.55342019528485 2.10174252122192 45.8
4 2017 83 22952.1435759728 21.5 35.4 3.17392786132695 1.44354557507413 0
4 2017 84 25934.3960732045 24.5 36.6 3.73640453350893 1.99702937069841 0
4 2017 85 18295.5120418079 21.7 36.2 3.33029547581234 1.92223426318162 0
4 2017 86 19869.6215860626 26.4 35 3.77163039446057 1.58565627935604 0
4 2017 87 17066.7168032681 26.2 34.6 3.80349233765589 1.54077921484596 0
4 2017 88 21923.3928336266 25.3 38.5 3.86889989705605 1.24159878477879 0
4 2017 89 20681.5943047979 23.8 36.2 3.67491864739118 1.86987768791986 6.5
4 2017 90 20689.7362482864 24.3 32.6 3.44863946595036 1.6380128546178 10.4
4 2017 91 20383.940848799 22.5 36 3.61078755680886 2.00450888145009 2.1
4 2017 92 24145.3333354934 23.6 35.3 3.45491128000703 1.1294061235036 0.7
4 2017 93 11162.9269425169 24.6 31 3.34570883944808 1.18924220951703 0
4 2017 94 21651.0134882728 24.6 35.5 3.70972597093106 1.57817676860436 0
4 2017 95 23531.6793419325 25.6 35.2 3.75834187502421 1.64549236536948 0.4
4 2017 96 12112.5677639088 25.5 31.4 3.44514736928142 1.82500062340978 0
4 2017 97 22752.1277319429 23.9 35.5 3.32855362264605 1.35379144605398 0
4 2017 98 24941.51747157 25.4 37 3.84149725055003 1.66045138687284 16.6
4 2017 99 11023.6862083983 22 30 3.06395240377124 2.3635253975307 0
4 2017 100 21185.3503551766 24.4 35 3.63300721800147 1.96711132769169 17
4 2017 101 22432.7713523796 22.5 33.5 3.31462093618745 1.6006153008594 0.1
4 2017 102 22428.6991212319 24.2 35 3.65571454274584 2.02694741370513 0
4 2017 103 14928.7315513456 26 32.9 3.66416280803221 2.20645567174544 34.5
4 2017 104 23510.2807496462 22.6 35 3.37794553426973 1.9297137739333 19.5
4 2017 105 19602.9461179376 23.4 31.9 3.27655628167138 2.13914007498032 0
4 2017 106 25365.653263028 23.4 34.9 3.1625241101931 2.61034925233613 0.5
4 2017 107 25043.7802950093 23.9 34.6 3.48561900672477 0.994774929973366 0
4 2017 108 21139.4129370326 23.8 33.8 3.36567073511813 1.563217747101 0
4 2017 109 22375.1329090851 25.9 34.6 3.61603308843539 1.03217248373176 27.4
4 2017 110 11010.1814563042 21.6 29.4 3.01273083096036 1.67541040837619 0
4 2017 111 22818.7817167891 24.5 33.4 3.38501489056244 2.02694741370513 12
4 2017 112 11623.5374220064 22.6 29.4 2.79503721748303 1.11444710200024 0
4 2017 113 13791.3047719588 25.4 32 3.39978032514738 1.42858655357077 0
4 2017 114 21848.0538729687 24.6 33.4 3.61392233079752 2.01946790295345 44.1
4 2017 115 16875.7765359337 21.4 31.5 3.11154387583081 1.86987768791986 0
4 2017 116 25070.6316326597 24.4 34.3 3.55441514065292 1.75768502664467 0
4 2017 117 20876.26374298 24 34 3.49094802847488 1.51834068259093 17.9
4 2017 118 15915.9778833578 22.7 30.7 3.24734448544144 1.79508258040307 0
4 2017 119 24706.2726348451 24.2 34.6 3.51343130891453 2.26629175775887 0
4 2017 120 22064.4984800388 26.4 34 3.92287250083014 1.97459083844337 17.5
4 2017 121 17423.6965796443 24.7 32 3.43099247871194 2.02694741370513 16
4 2017 122 22491.3761105852 22 33.5 3.23426670706121 1.86239817716818 0
4 2017 123 17396.8752476309 24 31.7 3.48512392233712 1.88483670942322 0
4 2017 124 14770.7414939603 24 31.2 3.25149451603737 1.23411927402711 0
4 2017 125 22127.7977835745 22.5 33.2 3.29290065901501 1.98954985994673 30.2
4 2017 126 12293.9607907368 22 30.4 3.05104378875401 1.72776698363795 0
4 2017 127 24693.6920202442 24.6 34.1 3.39664096352642 1.71280796213459 0
4 2017 128 24059.3011165112 25 34.3 3.61592397781981 1.62305383311444 20.8
4 2017 129 18228.0359947399 22.2 27.2 2.78800248036016 1.30143487079222 1.6
4 2017 130 22182.9613832669 23.2 32.5 3.47313338739305 1.64549236536948 0
4 2017 131 18653.9274127194 24.2 31.6 3.04734363920774 0.94241835471161 18.1
4 2017 132 21533.1177339214 21.7 31.7 3.06868799271489 1.21168074177207 0
4 2017 133 20447.8747757447 23.2 32 3.3807418846476 1.74272600514131 0.2
4 2017 134 22862.8354613198 24.1 34.1 3.61270066233648 2.19897616099376 0
4 2017 135 22993.8591138009 24.6 33.7 3.74274445288345 1.96711132769169 21.3
4 2017 136 11134.7398143725 22 28.5 2.78923590851329 1.48094312883253 3.4
4 2017 137 23255.2470991613 22.9 33.3 3.15831739139278 0.890061779449853 0
4 2017 138 24294.453121307 24.6 33.9 3.49821714001246 1.6006153008594 0.6
4 2017 139 20035.9196383694 25 34 3.68709647526759 1.69036942987955 15.8
4 2017 140 10797.8674304844 24 30.6 3.24757359216451 1.16680367726199 0
4 2017 141 16679.0456203818 25 33.5 3.78228472607992 1.36127095680566 11.7
4 2017 142 22699.7656367369 22.9 33.3 3.41305106807909 1.563217747101 0.5
4 2017 143 19515.3538993743 23.6 32.3 3.49531479134256 1.8549186664165 0
4 2017 144 20252.2241387684 25.3 33.3 3.7190299002569 2.1840171394904 62.1
4 2017 145 16926.1604615162 23.1 31 3.3008320402789 1.98207034919505 0.1
4 2017 146 17213.6904457008 23.5 31.9 3.098183860039 0.770389607422982 14.2
4 2017 147 12545.3000222221 22.6 29.9 3.08735112137058 0.94241835471161 0
4 2017 148 24390.0701071039 23.5 33.4 3.3089555991927 1.3463119353023 0
4 2017 149 21823.0942782796 24.7 33.5 3.63083064224115 2.4383205050475 15.1
4 2017 150 20009.7702506699 22 33.5 3.39482521325141 1.94467279543665 1.6
4 2017 151 18349.4392100715 23.5 32.3 3.43366368620559 1.63053334386612 14.3
4 2017 152 20580.8969079955 23 33.2 3.4149520656663 1.36875046755734 14.2
4 2017 153 12795.5875236508 23.5 29.6 3.06498996004881 1.78012355889971 0.9
4 2017 154 23243.3828224567 24 33.7 3.47152289243931 2.28873029001391 6.7
4 2017 155 14870.8769900324 24.6 31.1 3.39032375543557 1.6006153008594 0
4 2017 156 22172.024602266 24.6 33.7 3.44697753725021 0.927459333208251 0
4 2017 157 16196.9827044155 23.9 31.7 3.44247473441369 1.83995964491314 9.9
4 2017 158 19615.9066265508 23 32 3.36985892510885 1.68288991912787 0
4 2017 159 22733.8577137803 24 33.5 3.49847225897281 1.37622997830902 3.3
4 2017 160 23170.1978823189 24.5 34.2 3.51844589819921 1.37622997830902 9.4
4 2017 161 17507.184114383 24 31.6 3.43537607802625 2.07182447821521 1.2
4 2017 162 17649.3986663459 23.3 32.9 3.48338797880591 2.24385322550383 13.1
4 2017 163 20616.4789724709 22.5 31.4 3.29005540700985 1.9297137739333 9.8
4 2017 164 9762.13920537841 23.8 29.5 3.20078590794817 1.3463119353023 9.7
4 2017 165 16296.2213795105 23 30.6 2.9088305238646 1.04713150523512 0
4 2017 166 20599.3434997688 23.6 32.4 3.41781303512452 1.8549186664165 22.6
4 2017 167 16140.6183697891 21.5 30.6 3.14247075130031 2.38596392978574 0.7
4 2017 168 13317.3081964878 23.4 29 3.15444594168391 2.19149665024208 0.3
4 2017 169 20885.5827085297 22.6 31.5 3.03800985962621 1.42110704281909 0
4 2017 170 15985.7981667769 25.1 30.4 3.47156547375068 1.79508258040307 35.4
4 2017 171 22959.7948825105 21.6 31.4 3.25643466668523 1.98954985994673 6.5
4 2017 172 19842.7478423904 23.1 31 3.09987140690909 1.24159878477879 0
4 2017 173 16578.0775548797 22.8 32.1 3.23959145254591 2.04190643520849 2.5
4 2017 174 18062.8702805965 23.7 31 3.37609251031179 2.31116882226895 9.2
4 2017 175 13908.474252347 23.5 30.7 3.15416014310575 1.6006153008594 13.2
4 2017 176 20144.5328724575 23.1 31.1 3.29366762413681 1.68288991912787 0
4 2017 177 20741.4494715044 23.7 31.9 3.1129476326389 1.00973395147672 23.2
4 2017 178 14508.4277237496 20.9 30.4 3.04261416960599 2.4009229512891 0
4 2017 179 13026.1449049052 23.2 29.6 2.9402839790176 1.36127095680566 0
4 2017 180 17635.1681092831 20.2 31.2 2.87761230499078 1.61557432236276 0
4 2017 181 17045.7029114781 24.3 31.3 3.4208051517573 2.83473457488651 32
4 2017 182 15415.6309014947 22.5 29.6 3.01233517464524 2.19897616099376 0.5
4 2017 183 12594.8832959345 24.4 30.6 3.40473599209712 2.35604588677902 22.4
4 2017 184 17361.1999529424 23.3 30 3.14525066576531 1.88483670942322 2
4 2017 185 13944.2518844114 23.9 30.9 3.39036206935839 2.71506240285964 41.5
4 2017 186 10971.2048391481 22.6 28.4 2.96606483130402 1.55573823634932 7.9
4 2017 187 15446.9413772079 22.6 31 3.19530892676004 1.96711132769169 0
4 2017 188 14112.5145811552 22.9 30.5 3.12298555422982 1.69036942987955 0
4 2017 189 19640.5198969123 23.9 32 3.29141514694787 2.04938594596017 0
4 2017 190 17860.0304366617 23 30.7 3.09338447535992 2.17653762873872 0
4 2017 191 18019.9417614956 23 30.7 3.13968098698703 2.33360735452399 3.5
4 2017 192 12947.6435195277 23.5 28.5 2.98697543169624 1.57817676860436 0
4 2017 193 15798.2353380744 24 30.1 3.10380480008893 1.09948808049688 97.4
4 2017 194 10118.5937895437 22 27.2 2.84810928822436 2.37848441903406 29.4
4 2017 195 9225.61480545574 23.3 28.4 3.00590363974623 1.68288991912787 11
4 2017 196 18979.4752732768 22.5 31.1 3.23406984228095 2.25133273625551 3.5
4 2017 197 10888.0336471303 23.6 28.5 3.10235123414499 2.99928381142346 20.1
4 2017 198 15402.1659984916 23.1 29.9 3.10825754172869 2.25133273625551 1.6
4 2017 199 10752.4521595993 24 29.4 3.08375118719968 1.28647584928886 0
4 2017 200 14672.8218270542 23.8 30.6 3.1102901944375 1.09948808049688 2.8
4 2017 201 12876.4510790669 24.6 30 3.25737074154869 2.08678349971856 0
4 2017 202 11227.6668688625 24.6 30 3.43299371569479 3.01424283292681 23.8
4 2017 203 16367.1905056361 22 29.4 3.03612204866711 2.87961163939659 2.2
4 2017 204 13661.4074298343 23.5 28.9 3.06362891920929 2.3635253975307 0.9
4 2017 205 20779.2524064121 23.4 30.6 3.30257460485359 2.06434496746353 5.1
4 2017 206 9293.74439039143 23.5 25 2.79393752834861 2.62530827383948 41.4
4 2017 207 13997.3364623213 23 29.5 3.05494246319044 1.48094312883253 2.3
4 2017 208 16738.7741652454 23.5 30.4 3.22144593174752 2.07182447821521 0
4 2017 209 13412.9625897067 24.1 30.5 3.36296224046711 2.27377126851055 4.4
4 2017 210 19350.9394832463 24 30.5 3.45696801259327 2.34856637602734 1.9
4 2017 211 16781.6612643197 24 30.5 3.33974586334364 3.05164038668521 1.3
4 2017 212 17100.5607622129 23.8 30.7 3.3661570266005 2.74498044586635 2.1
4 2017 213 12389.3347842097 23.2 28.5 3.11085372249064 3.32090277374567 10.6
4 2017 214 15756.2884202635 22.9 29 3.01670067977019 2.46823854805422 0
4 2017 215 9353.43897401917 23.6 26.5 2.9853201047189 2.146619585732 3.2
4 2017 216 11347.7404763136 22.2 29 3.0447702599681 2.66270582759788 47.4
4 2017 217 12886.7730132122 22.2 29.5 3.09985895191741 2.34856637602734 0
4 2017 218 9372.3139473057 23.7 26.5 2.93016675334752 1.99702937069841 23.4
4 2017 219 12445.9606999667 22.6 28.6 3.01653842790802 2.27377126851055 66.1
4 2017 220 14143.7634849901 22.5 28.8 3.02779784695343 1.9297137739333 0.7
4 2017 221 11234.2368848981 22.5 30.3 3.08277228140707 2.17653762873872 21.3
4 2017 222 10933.9558983468 22.4 28.5 2.9146527562288 1.96711132769169 0
4 2017 223 14944.2144712081 22.5 29.8 3.09359980616977 1.91475475242994 2.2
4 2017 224 16033.4527204431 23.8 30.2 3.34072374473476 2.58043120932941 0.8
4 2017 225 18821.2338805949 23.5 30.5 3.36853339810609 2.19897616099376 6.3
4 2017 226 12658.4944565122 20.4 28.7 2.93490307021971 2.29620980076559 12.7
4 2017 227 10502.4142894971 23.8 28.4 3.13587494430607 1.94467279543665 0
4 2017 228 9424.99047478523 24 26.3 2.95807539165097 3.29846424149063 11.7
4 2017 229 9429.04704431597 23.6 27.5 3.05244768538039 2.61034925233613 0
4 2017 230 22910.7335303853 23.3 31 3.21161485316461 2.24385322550383 0
4 2017 231 11916.9516631958 22.5 27.7 2.7899521398105 1.45102508582581 0
4 2017 232 12697.7863075725 23.7 27.4 3.05702995726494 1.73524649438963 0
4 2017 233 13168.8246191318 23 25 2.8296489435961 2.81977555338315 35.7
4 2017 234 14261.5789940077 22.5 25.5 2.73297001733594 1.95963181694001 13.2
4 2017 235 15666.2634198608 22.5 29.8 3.05527742312908 1.41362753206741 0
4 2017 236 20028.0595235376 23.8 31.5 3.21878045032282 1.0172134622284 48.2
4 2017 237 11163.0220315192 21 31.4 3.14390164319435 2.54303365557101 0
4 2017 238 15058.9039340917 21.5 28.2 2.94241838598089 2.31864833302063 36.6
4 2017 239 11166.8709146461 22.5 28.5 2.86490077610497 1.26403731703383 5.9
4 2017 240 9453.18236174657 19.5 29.9 2.69652114897334 1.62305383311444 0
4 2017 241 10233.1014736495 22.8 31.2 3.2740518834471 2.84221408563819 5.4
4 2017 242 9920.99695069443 23.5 27.8 3.10615973120473 2.70758289210796 27.2
4 2017 243 11169.1480533018 23.1 27.4 2.9239551990801 2.58043120932941 28.5
4 2017 244 10856.2458748066 23.2 28.5 3.070872738588 1.53329970409429 3.3
4 2017 245 13666.3648157269 23.5 30.2 3.2365149120697 2.46075903730254 58.5
4 2017 246 11009.5795712784 21.8 26.7 2.85300277314783 2.81977555338315 1.6
4 2017 247 22882.4150265645 21.8 30.6 3.05274448205878 2.24385322550383 0
4 2017 248 10535.9449309309 23.1 30.1 3.11650973556397 2.10174252122192 0
4 2017 249 17253.0755142423 23.3 31.9 3.30762480183382 2.35604588677902 0
4 2017 250 10685.2890552593 24 26.7 3.0471494135886 3.05164038668521 11.9
4 2017 251 11775.1306039176 23 29.4 3.03845865829872 1.36875046755734 0
4 2017 252 17084.1682099149 23.5 31 3.05645900265703 0.852664225691456 0
4 2017 253 10827.3199384933 24.2 31.5 3.45252465545793 2.20645567174544 15.1
4 2017 254 16290.3658832835 23.1 30.2 3.19624529066278 2.81229604263147 1.1
4 2017 255 12689.8450153186 23 30.4 3.13314445283584 1.78760306965139 0
4 2017 256 14400.5704228329 22.3 31.2 3.32260424248561 2.58791072008109 3.9
4 2017 257 14860.5465629132 23.3 30 3.12429397060196 2.07930398896688 1.2
4 2017 258 13446.4205188864 23.5 30 3.22177021292091 1.88483670942322 4
4 2017 259 13280.8721833747 24.2 27.5 3.08619878241735 3.03668136518185 15.1
4 2017 260 13894.5956062638 23 29.7 3.06271867194978 1.57817676860436 0
4 2017 261 20586.5728788483 21.6 32 3.07268348493026 1.28647584928886 0
4 2017 262 14339.14344335 23.9 31.5 3.43062296263281 2.41588197279246 0
4 2017 263 12613.5978062756 24.7 30.6 3.34988714453686 1.6006153008594 0
4 2017 264 16802.7499345155 24 31.5 3.49503458254414 2.03442692445681 0
4 2017 265 15853.8757380735 23.8 30.6 3.38048357829666 2.28125077926223 32.8
4 2017 266 9622.29615393076 22.5 28.3 2.89109044264701 2.00450888145009 1.2
4 2017 267 13181.5964852129 22 29.8 3.14780624266934 2.71506240285964 39.2
4 2017 268 15648.5139028365 23.5 32.5 3.38303767577576 1.50338166108757 22.2
4 2017 269 12995.3760406334 24.4 31.7 3.46341081896533 1.86239817716818 38.2
4 2017 270 10965.8438352233 23 30 3.27339887024334 2.16157860723536 20.7
4 2017 271 14973.1755847567 23 30.1 3.30735576860371 2.22889420400047 15.1
4 2017 272 17580.8355954423 22.8 31.5 3.26700612737083 1.86239817716818 58.2
4 2017 273 16631.4270978235 21.4 32 3.10687143919958 0.897541290201533 0
4 2017 274 20001.1463524766 23.4 31.8 3.33236644096778 1.15932416651031 0
4 2017 275 18279.3059413597 23 33 3.45523434572807 1.33135291379894 0
4 2017 276 14099.2436750639 24.6 31.5 3.47933280390366 1.8549186664165 5.9
4 2017 277 20223.3408819496 22.4 32.9 3.31655493414346 2.48319756955757 69.7
4 2017 278 19579.1345256386 22.5 32.2 3.25490691087945 2.3635253975307 4.1
4 2017 279 15411.1532149103 23.6 31.2 3.33707400152264 2.04190643520849 2.3
4 2017 280 16303.9335611263 23 31.2 3.36682835969037 1.96711132769169 0
4 2017 281 17040.7232022937 23.3 32.6 3.50473714089869 1.62305383311444 5.6
4 2017 282 16553.962787357 24 32.5 3.53077957491986 1.74272600514131 7.6
4 2017 283 17134.5334942312 22.5 31.2 3.3580874311516 2.09426301047024 1.4
4 2017 284 12083.8896735909 22.5 31.2 3.29270686129651 1.44354557507413 0
4 2017 285 15706.2420266301 22.5 32.3 3.1943641760173 1.35379144605398 39
4 2017 286 11734.19952375 22 29.6 3.12956437195697 1.96711132769169 0
4 2017 287 20643.4533360782 23.7 31.5 3.40400641099745 1.41362753206741 0.4
4 2017 288 16221.7929652832 24 32.2 3.39061929655 0.845184714939777 84.3
4 2017 289 17095.5750404778 21.8 31.1 3.28275818273253 1.63053334386612 14.8
4 2017 290 15103.9354234175 23 29.5 3.16342618215131 1.45102508582581 9.8
4 2017 291 14171.3269923182 23.7 31.1 3.31298487496675 0.830225693436418 45.6
4 2017 292 13091.5367146073 23.5 31.2 3.19631567511787 0.875102757946495 0
4 2017 293 22502.7061644007 23.5 32.7 3.29366841960222 1.22663976327543 16.4
4 2017 294 15877.6593154127 23.7 32 3.4135554168897 1.14436514500695 0
4 2017 295 14053.2425647745 23.8 32 3.24801961692841 1.14436514500695 10.1
4 2017 296 16257.9929455253 24.1 32.4 3.29490846492902 1.0546110159868 0
4 2017 297 19495.0433406651 24.3 33 3.36168435524414 1.02469297298008 0
4 2017 298 13368.8988899756 24.9 30.2 3.36057272238172 1.43606606432245 0.5
4 2017 299 10228.7302031663 24 30.3 3.18248048166654 1.02469297298008 0
4 2017 300 11388.1292001375 25 30.3 3.27581556588486 0.979815908470007 0
4 2017 301 19035.4709531607 24.7 32.2 3.56310263454345 1.31639389229558 0
4 2017 302 18994.6836623099 24 32.4 3.43984273023962 1.15184465575863 0
4 2017 303 11898.8588861257 24.3 31 3.15952318740121 0.964856886966648 0
4 2017 304 11725.3045214722 24.7 31.4 3.55325630540303 1.10696759124856 10.6
4 2017 305 13528.7641227551 23.5 31.9 3.26013184744783 1.42858655357077 0.8
4 2017 306 18758.5985881704 24.9 32.7 3.69431858337084 2.05686545671185 19.9
4 2017 307 19374.3868092469 21.1 32.1 3.02561588809697 1.22663976327543 24.5
4 2017 308 20060.5014898449 24 32.3 3.49162779818129 1.52582019334261 18.1
4 2017 309 18492.6790313236 22 31.4 2.96850023404863 1.00225444072505 0
4 2017 310 20699.9831764988 24.4 30.2 3.12057350755472 1.17428318801367 0
4 2017 311 20077.6314631398 23.9 32.5 3.14308698163862 0.93493884395993 0
4 2017 312 19457.8756665716 23.2 32 3.07978015488378 1.15932416651031 0
4 2017 313 15310.0648120598 23 33 3.19933306008559 1.32387340304726 0
4 2017 314 21678.1406145738 24 31.5 3.2510303561994 1.19672172026871 0
4 2017 315 18690.9635745644 24.9 31.7 3.26872287425579 1.15184465575863 0
4 2017 316 21518.4406807498 23.5 33.2 3.30909078956499 1.0920085697452 0
4 2017 317 19330.1458761016 23.9 32.7 3.30141779592109 1.10696759124856 0
4 2017 318 20290.8891531032 24.5 32.2 3.23618123498026 0.770389607422982 0
4 2017 319 20749.8436671992 24.5 32.3 3.53188568681911 1.20420123102039 0
4 2017 320 19500.8774636875 24.2 33.2 3.56866705042393 1.30143487079222 0
4 2017 321 19676.679157442 24.4 33.2 3.57948981711387 1.76516453739635 0
4 2017 322 19427.2424229961 24 33.3 3.46688419261049 2.11670154272528 0
4 2017 323 12741.7195547902 25 32.9 3.56794548877808 1.71280796213459 0.7
4 2017 324 14271.6592439124 23 32.3 3.10545093498525 0.650717435396111 2
4 2017 325 16361.0575455061 24.2 31.9 3.39858559457358 1.53329970409429 0.3
4 2017 326 19570.5209446439 24.2 32.5 3.57989770659397 1.42110704281909 0
4 2017 327 18202.220765027 24.2 32.5 3.61345924759329 1.53329970409429 0
4 2017 328 16838.926412172 22 32.7 3.08641161797502 1.22663976327543 0
4 2017 329 18563.4870751961 20.5 32.7 2.66169224593982 1.13688563425528 0
4 2017 330 19234.2978126765 20.8 32.9 2.5463081394914 1.63053334386612 0
4 2017 331 18157.3877065415 20.5 32.4 2.53335039990263 1.27899633853718 0
4 2017 332 18479.784666978 21.5 33.6 2.87381068239173 1.24907829553047 0
4 2017 333 17687.3476017256 21.7 33.9 2.87682390438305 1.16680367726199 0
4 2017 334 18985.6469241155 21.2 33.7 2.87609830990432 1.53329970409429 0
4 2017 335 8117.80278069113 21.2 34.2 2.80400311226884 1.21168074177207 0
4 2017 336 16438.2192594238 20.6 32.5 3.01880850942159 1.26403731703383 0
4 2017 337 18083.0423994721 20.5 34.2 2.86478390009426 1.0546110159868 0
4 2017 338 19725.3550376721 21.4 34.4 3.04584044836339 1.42110704281909 0
4 2017 339 19566.0413527221 21.2 34.5 2.55585746417175 1.32387340304726 0
4 2017 340 18163.6301617908 21.7 33.9 2.81480406436648 1.25655780628215 0
4 2017 341 19251.8557554628 20.4 34 2.72610334021853 0.949897865463289 0
4 2017 342 14265.17987783 21.5 33.2 2.70647838732228 1.31639389229558 0
4 2017 343 11356.516598765 20.3 32 2.42177112649182 1.14436514500695 0
4 2017 344 12312.6501848675 19.6 32.2 2.32777264187204 1.59313579010772 0
4 2017 345 15196.9935333346 22.4 32.4 2.40307286733294 1.24159878477879 0
4 2017 346 14774.493836991 22.2 34 2.61729347807246 1.53329970409429 0
4 2017 347 19032.2454643246 21.9 36 2.67725720488968 1.55573823634932 0
4 2017 348 16959.9193148334 20.1 34.8 2.96321952636826 1.9297137739333 0
4 2017 349 17227.9312887295 24 34.7 3.42893153345646 1.18176269876535 0
4 2017 350 13373.3666174725 22.5 33.7 3.17238477353815 1.3089143815439 0
4 2017 351 17629.6187870318 21.1 34.6 3.1355248878741 1.31639389229558 0
4 2017 352 16801.7193702164 23.3 34.9 3.41810554469307 1.3837094890607 0
4 2017 353 18035.8927087608 24.3 34.5 3.67002106040273 1.51834068259093 0
4 2017 354 16523.7632353315 25.2 35.6 3.68714306856655 1.03217248373176 0
4 2017 355 17348.1493697776 24.5 35.4 3.75028003020557 1.65297187612116 0
4 2017 356 14601.9632326528 24.4 36 3.86922271279909 1.59313579010772 0
4 2017 357 11169.2222529672 24.5 33.4 3.37183430160803 1.33883242455062 4.6
4 2017 358 9522.65234707122 21.8 30.5 2.6557750583332 1.77264404814803 0
4 2017 359 15161.6674655593 18.5 32.5 2.27978093426008 1.75020551589299 0
4 2017 360 11591.8895402521 18.8 32 2.37399010988452 1.14436514500695 0
4 2017 361 10358.9386198099 19.3 32.8 2.5335980791784 1.00973395147672 0
4 2017 362 11190.1423988821 18.8 33.4 2.5353450865222 1.27899633853718 0
4 2017 363 9819.67507478959 19.1 33.1 2.57186379409014 1.33883242455062 0
4 2017 364 16440.0699796057 18.8 33.6 2.35512008844289 1.45850459657749 0
4 2017 365 16038.0548100926 18.4 32.4 2.21308561487185 1.2715168277855 0
